11
PV792275_1_Influenza_A_virus_A_cattle_CA_25_012917_001_original_2025_H5N1_segment_2_polymerase_PB1_PB1_and_PB1_F2_protein_PB1_F2_genes_complete_cds                0.0000000 0.0036870 0.1293675 0.1341672 0.1341320 0.1386264 0.1386264 0.1434652 0.1386264 0.1386264 0.1431588 
PV792531_1_Influenza_A_virus_A_cattle_ID_25_012952_001_original_2025_H5N1_segment_2_polymerase_PB1_PB1_and_PB1_F2_protein_PB1_F2_genes_complete_cds                0.0036870 0.0000000 0.1341320 0.1389769 0.1389398 0.1434652 0.1434652 0.1483484 0.1434652 0.1434652 0.1480293 
PV520598_1_Influenza_A_virus_A_cattle_Nevada_NV_7_2025_H5N1_segment_2_polymerase_PB1_PB1_and_PB1_F2_protein_PB1_F2_genes_complete_cds                              0.1293675 0.1341320 0.0000000 0.0037240 0.0037234 0.0074614 0.0074614 0.0112353 0.0074614 0.0074614 0.0112157 
PV520601_1_Influenza_A_virus_A_cattle_Nevada_WD_210_2025_H5N1_segment_2_polymerase_PB1_PB1_and_PB1_F2_protein_PB1_F2_genes_complete_cds                            0.1341672 0.1389769 0.0037240 0.0000000 0.0074768 0.0112372 0.0112372 0.0150420 0.0112372 0.0112372 0.0150155 
PV792035_1_Influenza_A_virus_A_Duck_NY_25_012798_007_original_repeat_2025_H5N1_segment_2_polymerase_PB1_PB1_and_PB1_F2_protein_PB1_F2_genes_complete_cds           0.1341320 0.1389398 0.0037234 0.0074768 0.0000000 0.0037228 0.0037228 0.0074744 0.0037228 0.0037228 0.0074614 
PV218191_1_Influenza_A_virus_A_Bald_Eagle_IA_25_001479_001_original_2025_H5N1_segment_2_polymerase_PB1_PB1_and_PB1_F2_protein_PB1_F2_genes_complete_cds            0.1386264 0.1434652 0.0074614 0.0112372 0.0037228 0.0000000 0.0074603 0.0112336 0.0074603 0.0074603 0.0112140 
PV218199_1_Influenza_A_virus_A_Bald_Eagle_IA_25_001479_002_original_2025_H5N1_segment_2_polymerase_PB1_PB1_and_PB1_F2_protein_PB1_F2_genes_complete_cds            0.1386264 0.1434652 0.0074614 0.0112372 0.0037228 0.0074603 0.0000000 0.0112336 0.0074603 0.0074603 0.0112140 
PV218207_1_Influenza_A_virus_A_Canada_Goose_IL_25_000616_002_original_2025_H5N1_segment_2_polymerase_PB1_PB1_and_putative_PB1_F2_protein_PB1_F2_genes_complete_cds 0.1434652 0.1483484 0.0112353 0.0150420 0.0074744 0.0112336 0.0112336 0.0000000 0.0112336 0.0112336 0.0150107 
PV218223_1_Influenza_A_virus_A_Canada_Goose_IL_25_000616_004_original_2025_H5N1_segment_2_polymerase_PB1_PB1_and_PB1_F2_protein_PB1_F2_genes_complete_cds          0.1386264 0.1434652 0.0074614 0.0112372 0.0037228 0.0074603 0.0074603 0.0112336 0.0000000 0.0074603 0.0112140 
PV218383_1_Influenza_A_virus_A_Turkey_OH_25_001054_002_original_2025_H5N1_segment_2_polymerase_PB1_PB1_and_PB1_F2_protein_PB1_F2_genes_complete_cds                0.1386264 0.1434652 0.0074614 0.0112372 0.0037228 0.0074603 0.0074603 0.0112336 0.0074603 0.0000000 0.0037158 
PV218431_1_Influenza_A_virus_A_Turkey_OH_25_001328_002_original_2025_H5N1_segment_2_polymerase_PB1_PB1_and_PB1_F2_protein_PB1_F2_genes_complete_cds                0.1431588 0.1480293 0.0112157 0.0150155 0.0074614 0.0112140 0.0112140 0.0150107 0.0112140 0.0037158 0.0000000 
