9
PV792032_1_Influenza_A_virus_A_cattle_ID_25_012907_001_original_2025_H5N1_segment_7_matrix_protein_2_M2_and_matrix_protein_1_M1_genes_complete_cds       0.0000000 0.0071613 0.0071685 0.0035087 0.0109608 0.0110929 0.0112332 0.0109719 0.0109608 
PV520594_1_Influenza_A_virus_A_cattle_Nevada_NV_7_2025_H5N1_segment_7_matrix_protein_2_M2_and_matrix_protein_1_M1_genes_complete_cds                     0.0071613 0.0000000 0.0149380 0.0109719 0.0035052 0.0035418 0.0035809 0.0035087 0.0035052 
PV218924_1_Influenza_A_virus_A_cattle_CA_25_001525_001_original_2025_H5N1_segment_7_matrix_protein_2_M2_and_matrix_protein_1_M1_genes_complete_cds       0.0071685 0.0149380 0.0000000 0.0035122 0.0190387 0.0199824 0.0195853 0.0190579 0.0190387 
PV218932_1_Influenza_A_virus_A_cattle_CA_25_001525_002_original_2025_H5N1_segment_7_matrix_protein_2_M2_and_matrix_protein_1_M1_genes_complete_cds       0.0035087 0.0109719 0.0035122 0.0000000 0.0149229 0.0156126 0.0153220 0.0149380 0.0149229 
PV792048_1_Influenza_A_virus_A_Duck_NY_25_013275_004_original_2025_H5N1_segment_7_matrix_protein_2_M2_and_matrix_protein_1_M1_genes_complete_cds         0.0109608 0.0035052 0.0190387 0.0149229 0.0000000 0.0072344 0.0073200 0.0071613 0.0071541 
PV218268_1_Influenza_A_virus_A_Canada_Goose_IL_25_000616_010_original_2025_H5N1_segment_7_matrix_protein_2_M2_and_matrix_protein_1_M1_genes_complete_cds 0.0110929 0.0035418 0.0199824 0.0156126 0.0072344 0.0000000 0.0074037 0.0072417 0.0072344 
PV218284_1_Influenza_A_virus_A_Crane_VA_25_001494_001_original_2025_H5N1_segment_7_matrix_protein_2_M2_and_matrix_protein_1_M1_genes_complete_cds        0.0112332 0.0035809 0.0195853 0.0153220 0.0073200 0.0074037 0.0000000 0.0073276 0.0073200 
PV218332_1_Influenza_A_virus_A_Guineafowl_TN_25_001531_002_original_2025_H5N1_segment_7_matrix_protein_2_M2_and_matrix_protein_1_M1_genes_complete_cds   0.0109719 0.0035087 0.0190579 0.0149380 0.0071613 0.0072417 0.0073276 0.0000000 0.0071613 
PV218372_1_Influenza_A_virus_A_Turkey_MN_25_001440_001_original_2025_H5N1_segment_7_matrix_protein_2_M2_and_matrix_protein_1_M1_genes_complete_cds       0.0109608 0.0035052 0.0190387 0.0149229 0.0071541 0.0072344 0.0073200 0.0071613 0.0000000 
