16
PV792033_1_Influenza_A_virus_A_cattle_ID_25_012907_001_original_2025_H5N1_segment_8_nuclear_export_protein_NEP_and_nonstructural_protein_1_NS1_genes_complete_cds           0.0000000 0.0145894 0.0027832 0.0027914 0.0056349 0.0828853 0.0027832 0.0056434 0.0056225 0.0876415 0.0734997 0.0781455 0.0689499 0.0899202 0.0833324 0.0876415 
PV792281_1_Influenza_A_virus_A_cattle_CA_25_012917_001_original_2025_H5N1_segment_8_nuclear_export_protein_NEP_and_nonstructural_protein_1_NS1_genes_complete_cds           0.0145894 0.0000000 0.0177035 0.0177638 0.0209257 0.0888892 0.0115502 0.0146482 0.0145894 0.0938467 0.0791051 0.0839473 0.0743637 0.0964241 0.0951463 0.0938467 
PV792417_1_Influenza_A_virus_A_cattle_ID_25_012902_003_original_2025_H5N1_segment_8_nuclear_export_protein_NEP_and_nonstructural_protein_1_NS1_genes_complete_cds           0.0027832 0.0177035 0.0000000 0.0056434 0.0085444 0.0782125 0.0056263 0.0085575 0.0085249 0.0828853 0.0690084 0.0828853 0.0645506 0.0849828 0.0786282 0.0828853 
PV792449_1_Influenza_A_virus_A_cattle_ID_25_012902_007_original_2025_H5N1_segment_8_nuclear_export_protein_NEP_and_nonstructural_protein_1_NS1_genes_complete_cds           0.0027914 0.0177638 0.0056434 0.0000000 0.0085711 0.0881983 0.0056434 0.0027854 0.0085516 0.0930736 0.0785605 0.0833324 0.0738828 0.0955821 0.0886851 0.0930736 
PV792537_1_Influenza_A_virus_A_cattle_ID_25_012952_001_original_2025_H5N1_segment_8_nuclear_export_protein_NEP_and_nonstructural_protein_1_NS1_genes_complete_cds           0.0056349 0.0209257 0.0085444 0.0085711 0.0000000 0.0823724 0.0085444 0.0115540 0.0115088 0.0870922 0.0730591 0.0776693 0.0685442 0.0893364 0.0828140 0.0870922 
PV520595_1_Influenza_A_virus_A_cattle_Nevada_NV_7_2025_H5N1_segment_8_nuclear_export_protein_NEP_and_nonstructural_protein_1_NS1_genes_complete_cds                         0.0828853 0.0888892 0.0782125 0.0881983 0.0823724 0.0000000 0.0782125 0.0834047 0.0828853 0.0027845 0.0114865 0.0027845 0.0085228 0.0028190 0.0056460 0.0027845 
PV218893_1_Influenza_A_virus_A_cattle_CA_25_000603_001_original_2025_H5N1_segment_8_nuclear_export_protein_NEP_and_nonstructural_protein_1_NS1_genes_complete_cds           0.0027832 0.0115502 0.0056263 0.0056434 0.0085444 0.0782125 0.0000000 0.0027933 0.0027832 0.0828853 0.0690084 0.0735624 0.0645506 0.0849828 0.0881983 0.0828853 
PV218901_1_Influenza_A_virus_A_cattle_CA_25_000605_001_original_2025_H5N1_segment_8_nuclear_export_protein_NEP_and_nonstructural_protein_1_NS1_genes_complete_cds           0.0056434 0.0146482 0.0085575 0.0027854 0.0115540 0.0834047 0.0027933 0.0000000 0.0056434 0.0881983 0.0739461 0.0786282 0.0693611 0.0905134 0.0936765 0.0881983 
PV218909_1_Influenza_A_virus_A_cattle_CA_25_001132_001_original_2025_H5N1_segment_8_nuclear_export_protein_NEP_and_nonstructural_protein_1_NS1_genes_complete_cds           0.0056225 0.0145894 0.0085249 0.0085516 0.0115088 0.0828853 0.0027832 0.0056434 0.0000000 0.0876415 0.0734997 0.0781455 0.0689499 0.0899202 0.0930736 0.0876415 
PV336656_1_Influenza_A_virus_A_Common_Raven_CA_25_003340_001_original_2025_H5N1_segment_8_nuclear_export_protein_NEP_and_nonstructural_protein_1_NS1_genes_complete_cds     0.0876415 0.0938467 0.0828853 0.0930736 0.0870922 0.0027845 0.0828853 0.0881983 0.0876415 0.0000000 0.0145055 0.0056250 0.0114785 0.0056967 0.0085553 0.0056250 
PV218205_1_Influenza_A_virus_A_Bald_Eagle_IA_25_001479_002_original_2025_H5N1_segment_8_nuclear_export_protein_NEP_and_nonstructural_protein_1_NS1_genes_complete_cds       0.0734997 0.0791051 0.0690084 0.0785605 0.0730591 0.0114865 0.0690084 0.0739461 0.0734997 0.0145055 0.0000000 0.0145055 0.0027807 0.0147065 0.0176564 0.0145055 
PV218229_1_Influenza_A_virus_A_Canada_Goose_IL_25_000616_004_original_2025_H5N1_segment_8_nuclear_export_protein_NEP_and_nonstructural_protein_1_NS1_genes_complete_cds     0.0781455 0.0839473 0.0828853 0.0833324 0.0776693 0.0027845 0.0735624 0.0786282 0.0781455 0.0056250 0.0145055 0.0000000 0.0114785 0.0056967 0.0085553 0.0056250 
PV218277_1_Influenza_A_virus_A_Canada_Goose_IL_25_000616_011_original_2025_H5N1_segment_8_nuclear_export_protein_NEP_and_nonstructural_protein_1_NS1_genes_complete_cds     0.0689499 0.0743637 0.0645506 0.0738828 0.0685442 0.0085228 0.0645506 0.0693611 0.0689499 0.0114785 0.0027807 0.0114785 0.0000000 0.0116335 0.0145533 0.0114785 
PV218325_1_Influenza_A_virus_A_Great_Horned_Owl_IA_25_000440_001_original_2025_H5N1_segment_8_nuclear_export_protein_NEP_and_nonstructural_protein_1_NS1_genes_complete_cds 0.0899202 0.0964241 0.0849828 0.0955821 0.0893364 0.0028190 0.0849828 0.0905134 0.0899202 0.0056967 0.0147065 0.0056967 0.0116335 0.0000000 0.0086679 0.0056967 
PV218389_1_Influenza_A_virus_A_Turkey_OH_25_001054_002_original_2025_H5N1_segment_8_nuclear_export_protein_NEP_and_nonstructural_protein_1_NS1_genes_complete_cds           0.0833324 0.0951463 0.0786282 0.0886851 0.0828140 0.0056460 0.0881983 0.0936765 0.0930736 0.0085553 0.0176564 0.0085553 0.0145533 0.0086679 0.0000000 0.0085553 
PV219189_1_Influenza_A_virus_A_goose_MD_25_001223_001_original_2025_H5N1_segment_8_nuclear_export_protein_NEP_and_nonstructural_protein_1_NS1_genes_complete_cds            0.0876415 0.0938467 0.0828853 0.0930736 0.0870922 0.0027845 0.0828853 0.0881983 0.0876415 0.0056250 0.0145055 0.0056250 0.0114785 0.0056967 0.0085553 0.0000000 
