39
PV792026_1_Influenza_A_virus_A_cattle_ID_25_012907_001_original_2025_H5N1_segment_1_polymerase_PB2_PB2_gene_complete_cds           0.0000000 0.0044279 0.0026461 0.0026458 0.0026458 0.0022033 0.0026467 0.0004394 0.0017614 0.0008794 0.0411926 0.0406888 0.0026497 0.0026497 0.0053281 0.0026497 0.0017636 0.0427231 0.0416608 0.0401165 0.2578046 0.0391355 0.0416875 0.0406881 0.0386182 0.0401165 0.2596886 0.0401694 0.0411429 0.0391308 0.0416564 0.0426799 0.0421720 0.0421728 0.0431902 0.0426784 0.0421728 0.0426837 0.0411886 
PV792274_1_Influenza_A_virus_A_cattle_CA_25_012917_001_original_2025_H5N1_segment_1_polymerase_PB2_PB2_gene_complete_cds           0.0044279 0.0000000 0.0035371 0.0035368 0.0035368 0.0030924 0.0035379 0.0039825 0.0044278 0.0044286 0.0391127 0.0386128 0.0026460 0.0026460 0.0053205 0.0026460 0.0026460 0.0406301 0.0395789 0.0380485 0.2555536 0.0370739 0.0396039 0.0386122 0.0365616 0.0380485 0.2574207 0.0380983 0.0390657 0.0370695 0.0395748 0.0405895 0.0400858 0.0400866 0.0410958 0.0405883 0.0400866 0.0405933 0.0391085 
PV792394_1_Influenza_A_virus_A_cattle_ID_25_012902_001_original_2025_H5N1_segment_1_polymerase_PB2_PB2_gene_complete_cds           0.0026461 0.0035371 0.0000000 0.0008795 0.0008795 0.0004394 0.0008797 0.0022037 0.0026461 0.0026465 0.0401830 0.0396807 0.0017639 0.0017639 0.0044335 0.0017639 0.0017639 0.0417083 0.0406506 0.0391118 0.2557477 0.0381332 0.0406765 0.0396800 0.0376179 0.0391118 0.2576240 0.0391633 0.0401346 0.0381286 0.0406464 0.0416663 0.0411601 0.0411609 0.0421751 0.0416650 0.0411609 0.0416702 0.0401789 
PV792402_1_Influenza_A_virus_A_cattle_ID_25_012902_002_original_2025_H5N1_segment_1_polymerase_PB2_PB2_gene_complete_cds           0.0026458 0.0035368 0.0008795 0.0000000 0.0008794 0.0004394 0.0008796 0.0022035 0.0026458 0.0026463 0.0401774 0.0396752 0.0017637 0.0017637 0.0044331 0.0017637 0.0017637 0.0417024 0.0406449 0.0391064 0.2575661 0.0381279 0.0406707 0.0396745 0.0376128 0.0391064 0.2594467 0.0391578 0.0401290 0.0381234 0.0406406 0.0416604 0.0411543 0.0411551 0.0421691 0.0416591 0.0411551 0.0416643 0.0401732 
PV792410_1_Influenza_A_virus_A_cattle_ID_25_012902_003_original_2025_H5N1_segment_1_polymerase_PB2_PB2_gene_complete_cds           0.0026458 0.0035368 0.0008795 0.0008794 0.0000000 0.0004394 0.0008796 0.0022035 0.0026458 0.0026463 0.0401774 0.0396752 0.0017637 0.0017637 0.0044331 0.0017637 0.0017637 0.0417024 0.0406449 0.0391064 0.2558730 0.0381279 0.0406707 0.0396745 0.0376128 0.0391064 0.2577508 0.0391578 0.0401290 0.0381234 0.0406406 0.0416604 0.0411543 0.0411551 0.0421691 0.0416591 0.0411551 0.0416643 0.0401732 
PV792442_1_Influenza_A_virus_A_cattle_ID_25_012902_007_original_2025_H5N1_segment_1_polymerase_PB2_PB2_gene_complete_cds           0.0022033 0.0030924 0.0004394 0.0004394 0.0004394 0.0000000 0.0004395 0.0017615 0.0022033 0.0022036 0.0396752 0.0391737 0.0013218 0.0013218 0.0039869 0.0013218 0.0013218 0.0411977 0.0401424 0.0386066 0.2567097 0.0376292 0.0401678 0.0391730 0.0371150 0.0386066 0.2585889 0.0386573 0.0396274 0.0376247 0.0401382 0.0411563 0.0406510 0.0406518 0.0416643 0.0411551 0.0406518 0.0411601 0.0396710 
PV792490_1_Influenza_A_virus_A_cattle_ID_25_012906_001_original_2025_H5N1_segment_1_polymerase_PB2_PB2_gene_complete_cds           0.0026467 0.0035379 0.0008797 0.0008796 0.0008796 0.0004395 0.0000000 0.0022041 0.0026466 0.0026471 0.0401933 0.0396909 0.0017643 0.0017643 0.0044345 0.0017643 0.0017643 0.0417191 0.0406610 0.0391218 0.2578911 0.0381429 0.0406869 0.0396902 0.0376275 0.0391218 0.2597765 0.0391733 0.0401449 0.0381383 0.0406568 0.0416771 0.0411708 0.0411715 0.0421860 0.0416758 0.0411715 0.0416809 0.0401892 
PV792498_1_Influenza_A_virus_A_cattle_ID_25_012909_001_original_2025_H5N1_segment_1_polymerase_PB2_PB2_gene_complete_cds           0.0004394 0.0039825 0.0022037 0.0022035 0.0022035 0.0017615 0.0022041 0.0000000 0.0013202 0.0004394 0.0406917 0.0401886 0.0022067 0.0022067 0.0048809 0.0022067 0.0013219 0.0422198 0.0411597 0.0396180 0.2569666 0.0386381 0.0411860 0.0401879 0.0381217 0.0396180 0.2588491 0.0396701 0.0406427 0.0386334 0.0411554 0.0421772 0.0416702 0.0416709 0.0426868 0.0421759 0.0416709 0.0421811 0.0406877 
PV792530_1_Influenza_A_virus_A_cattle_ID_25_012952_001_original_2025_H5N1_segment_1_polymerase_PB2_PB2_gene_complete_cds           0.0017614 0.0044278 0.0026461 0.0026458 0.0026458 0.0022033 0.0026466 0.0013202 0.0000000 0.0017617 0.0411918 0.0406880 0.0026497 0.0026497 0.0053280 0.0026497 0.0017636 0.0427223 0.0416600 0.0401158 0.2558534 0.0391348 0.0416867 0.0406873 0.0386175 0.0401158 0.2577311 0.0401686 0.0411421 0.0391301 0.0416557 0.0426791 0.0421713 0.0421720 0.0431894 0.0426776 0.0421720 0.0426830 0.0411878 
PV792546_1_Influenza_A_virus_A_cattle_ID_25_012952_005_original_2025_H5N1_segment_1_polymerase_PB2_PB2_gene_complete_cds           0.0008794 0.0044286 0.0026465 0.0026463 0.0026463 0.0022036 0.0026471 0.0004394 0.0017617 0.0000000 0.0412006 0.0406967 0.0026502 0.0026502 0.0053290 0.0026501 0.0017639 0.0427315 0.0416689 0.0401243 0.2579317 0.0391431 0.0416957 0.0406960 0.0386257 0.0401243 0.2598172 0.0401772 0.0411509 0.0391384 0.0416646 0.0426883 0.0421803 0.0421811 0.0431987 0.0426868 0.0421811 0.0426922 0.0411966 
PV520596_1_Influenza_A_virus_A_cattle_Nevada_NV_7_2025_H5N1_segment_1_polymerase_PB2_PB2_gene_complete_cds                         0.0411926 0.0391127 0.0401830 0.0401774 0.0401774 0.0396752 0.0401933 0.0406917 0.0411918 0.0412006 0.0000000 0.0004396 0.0381199 0.0391293 0.0411854 0.0381192 0.0391293 0.0066786 0.0048793 0.0044292 0.2393312 0.0035399 0.0057772 0.0048832 0.0022071 0.0053238 0.2392727 0.0071284 0.0053249 0.0035396 0.0066731 0.0075752 0.0062237 0.0062238 0.0071238 0.0066732 0.0062238 0.0066738 0.0053296 
PV520600_1_Influenza_A_virus_A_cattle_Nevada_WD_210_2025_H5N1_segment_1_polymerase_PB2_PB2_gene_complete_cds                       0.0406888 0.0386128 0.0396807 0.0396752 0.0396752 0.0391737 0.0396909 0.0401886 0.0406880 0.0406967 0.0004396 0.0000000 0.0376213 0.0386291 0.0406816 0.0376206 0.0386291 0.0071285 0.0053263 0.0048753 0.2401371 0.0039850 0.0062256 0.0053306 0.0026503 0.0057711 0.2400785 0.0075789 0.0057724 0.0039847 0.0071225 0.0080260 0.0066726 0.0066727 0.0075740 0.0071227 0.0066727 0.0071233 0.0057775 
PV218886_1_Influenza_A_virus_A_cattle_CA_25_000603_001_original_2025_H5N1_segment_1_polymerase_PB2_PB2_gene_complete_cds           0.0026497 0.0026460 0.0017639 0.0017637 0.0017637 0.0013218 0.0017643 0.0022067 0.0026497 0.0026502 0.0381199 0.0376213 0.0000000 0.0008797 0.0026489 0.0008797 0.0008797 0.0396325 0.0385855 0.0370601 0.2534112 0.0360876 0.0386097 0.0376206 0.0355772 0.0370601 0.2552771 0.0371086 0.0380741 0.0360833 0.0385816 0.0395931 0.0390909 0.0390916 0.0400980 0.0395920 0.0390916 0.0395968 0.0381156 
PV218894_1_Influenza_A_virus_A_cattle_CA_25_000605_001_original_2025_H5N1_segment_1_polymerase_PB2_PB2_gene_complete_cds           0.0026497 0.0026460 0.0017639 0.0017637 0.0017637 0.0013218 0.0017643 0.0022067 0.0026497 0.0026502 0.0391293 0.0386291 0.0008797 0.0000000 0.0035376 0.0008797 0.0008797 0.0406474 0.0395957 0.0380645 0.2553382 0.0370894 0.0396207 0.0386285 0.0365768 0.0380645 0.2572101 0.0381144 0.0390822 0.0370850 0.0395916 0.0406068 0.0401029 0.0401036 0.0411133 0.0406056 0.0401036 0.0406105 0.0391251 
PV218902_1_Influenza_A_virus_A_cattle_CA_25_001132_001_original_2025_H5N1_segment_1_polymerase_PB2_PB2_gene_complete_cds           0.0053281 0.0053205 0.0044335 0.0044331 0.0044331 0.0039869 0.0044345 0.0048809 0.0053280 0.0053290 0.0411854 0.0406816 0.0026489 0.0035376 0.0000000 0.0035376 0.0035376 0.0427158 0.0416536 0.0401093 0.2546367 0.0391284 0.0416803 0.0406809 0.0386111 0.0401093 0.2564991 0.0401622 0.0411357 0.0391237 0.0416492 0.0426726 0.0421648 0.0421656 0.0431829 0.0426712 0.0421656 0.0426765 0.0411813 
PV218918_1_Influenza_A_virus_A_cattle_CA_25_001525_001_original_2025_H5N1_segment_1_polymerase_PB2_PB2_gene_complete_cds           0.0026497 0.0026460 0.0017639 0.0017637 0.0017637 0.0013218 0.0017643 0.0022067 0.0026497 0.0026501 0.0381192 0.0376206 0.0008797 0.0008797 0.0035376 0.0000000 0.0008797 0.0396318 0.0385848 0.0370595 0.2533994 0.0360870 0.0386090 0.0376200 0.0355765 0.0370595 0.2552651 0.0371079 0.0380734 0.0360827 0.0385809 0.0395924 0.0390902 0.0390909 0.0400973 0.0395913 0.0390909 0.0395961 0.0381149 
PV218926_1_Influenza_A_virus_A_cattle_CA_25_001525_002_original_2025_H5N1_segment_1_polymerase_PB2_PB2_gene_complete_cds           0.0017636 0.0026460 0.0017639 0.0017637 0.0017637 0.0013218 0.0017643 0.0013219 0.0017636 0.0017639 0.0391293 0.0386291 0.0008797 0.0008797 0.0035376 0.0008797 0.0000000 0.0406474 0.0395957 0.0380645 0.2553382 0.0370894 0.0396207 0.0386285 0.0365768 0.0380645 0.2572101 0.0381144 0.0390822 0.0370850 0.0395916 0.0406068 0.0401029 0.0401036 0.0411133 0.0406056 0.0401036 0.0406105 0.0391251 
PV792034_1_Influenza_A_virus_A_Duck_NY_25_012798_007_original_repeat_2025_H5N1_segment_1_polymerase_PB2_PB2_gene_complete_cds      0.0427231 0.0406301 0.0417083 0.0417024 0.0417024 0.0411977 0.0417191 0.0422198 0.0427223 0.0427315 0.0066786 0.0071285 0.0396325 0.0406474 0.0427158 0.0396318 0.0406474 0.0000000 0.0062238 0.0048763 0.2414138 0.0057730 0.0071262 0.0062287 0.0044300 0.0057723 0.2413543 0.0075805 0.0057735 0.0048777 0.0053239 0.0080278 0.0075742 0.0075743 0.0084785 0.0080257 0.0075743 0.0080264 0.0039863 
PV336649_1_Influenza_A_virus_A_Common_Raven_CA_25_003340_001_original_2025_H5N1_segment_1_polymerase_PB2_PB2_gene_complete_cds     0.0416608 0.0395789 0.0406506 0.0406449 0.0406449 0.0401424 0.0406610 0.0411597 0.0416600 0.0416689 0.0048793 0.0053263 0.0385855 0.0395957 0.0416536 0.0385848 0.0395957 0.0062238 0.0000000 0.0039802 0.2367048 0.0039817 0.0062206 0.0053262 0.0026481 0.0048726 0.2366464 0.0066727 0.0048737 0.0039814 0.0062187 0.0071187 0.0066672 0.0066673 0.0075678 0.0071169 0.0066673 0.0071175 0.0048780 
PV218190_1_Influenza_A_virus_A_Bald_Eagle_IA_25_001479_001_original_2025_H5N1_segment_1_polymerase_PB2_PB2_gene_complete_cds       0.0401165 0.0380485 0.0391118 0.0391064 0.0391064 0.0386066 0.0391218 0.0396180 0.0401158 0.0401243 0.0044292 0.0048753 0.0370601 0.0380645 0.0401093 0.0370595 0.0380645 0.0048763 0.0039802 0.0000000 0.2358564 0.0035342 0.0048737 0.0039834 0.0022036 0.0008796 0.2357979 0.0026500 0.0008798 0.0026468 0.0048723 0.0048736 0.0044250 0.0044251 0.0053182 0.0048710 0.0044251 0.0048715 0.0035376 
PV218198_1_Influenza_A_virus_A_Bald_Eagle_IA_25_001479_002_original_2025_H5N1_segment_1_polymerase_PB2_PB2_gene_complete_cds       0.2578046 0.2555536 0.2557477 0.2575661 0.2558730 0.2567097 0.2578911 0.2569666 0.2558534 0.2579317 0.2393312 0.2401371 0.2534112 0.2553382 0.2546367 0.2533994 0.2553382 0.2414138 0.2367048 0.2358564 0.0000000 0.2375526 0.2403414 0.2355102 0.2363780 0.2358564 0.0035372 0.2382096 0.2373770 0.2374563 0.2382174 0.2368696 0.2395892 0.2395997 0.2413534 0.2404298 0.2395997 0.2405224 0.2355014 
PV218206_1_Influenza_A_virus_A_Canada_Goose_IL_25_000616_002_original_2025_H5N1_segment_1_polymerase_PB2_PB2_gene_complete_cds     0.0391355 0.0370739 0.0381332 0.0381279 0.0381279 0.0376292 0.0381429 0.0386381 0.0391348 0.0391431 0.0035399 0.0039850 0.0360876 0.0370894 0.0391284 0.0360870 0.0370894 0.0057730 0.0039817 0.0035342 0.2375526 0.0000000 0.0048756 0.0039849 0.0013208 0.0044249 0.2374938 0.0062211 0.0044258 0.0026478 0.0057682 0.0066665 0.0053207 0.0053208 0.0062170 0.0057683 0.0053208 0.0057688 0.0044297 
PV218222_1_Influenza_A_virus_A_Canada_Goose_IL_25_000616_004_original_2025_H5N1_segment_1_polymerase_PB2_PB2_gene_complete_cds     0.0416875 0.0396039 0.0406765 0.0406707 0.0406707 0.0401678 0.0406869 0.0411860 0.0416867 0.0416957 0.0057772 0.0062256 0.0386097 0.0396207 0.0416803 0.0386090 0.0396207 0.0071262 0.0062206 0.0048737 0.2403414 0.0048756 0.0000000 0.0053288 0.0035373 0.0057693 0.2402823 0.0075765 0.0057705 0.0039833 0.0071203 0.0080235 0.0066705 0.0066706 0.0075716 0.0071204 0.0066706 0.0071211 0.0057756 
PV218230_1_Influenza_A_virus_A_Canada_Goose_IL_25_000616_005_original_2025_H5N1_segment_1_polymerase_PB2_PB2_gene_complete_cds     0.0406881 0.0386122 0.0396800 0.0396745 0.0396745 0.0391730 0.0396902 0.0401879 0.0406873 0.0406960 0.0048832 0.0053306 0.0376206 0.0386285 0.0406809 0.0376200 0.0386285 0.0062287 0.0053262 0.0039834 0.2355102 0.0039849 0.0053288 0.0000000 0.0026502 0.0048765 0.2354518 0.0066780 0.0048776 0.0030949 0.0062236 0.0071243 0.0039861 0.0039861 0.0048794 0.0044322 0.0039861 0.0044326 0.0048819 
PV218246_1_Influenza_A_virus_A_Canada_Goose_IL_25_000616_007_original_2025_H5N1_segment_1_polymerase_PB2_PB2_gene_complete_cds     0.0386182 0.0365616 0.0376179 0.0376128 0.0376128 0.0371150 0.0376275 0.0381217 0.0386175 0.0386257 0.0022071 0.0026503 0.0355772 0.0365768 0.0386111 0.0355765 0.0365768 0.0044300 0.0026481 0.0022036 0.2363780 0.0013208 0.0035373 0.0026502 0.0000000 0.0030900 0.2363195 0.0048762 0.0030906 0.0013207 0.0044264 0.0053203 0.0039809 0.0039810 0.0048730 0.0044264 0.0039810 0.0044268 0.0030933 
PV218262_1_Influenza_A_virus_A_Canada_Goose_IL_25_000616_010_original_2025_H5N1_segment_1_polymerase_PB2_PB2_gene_complete_cds     0.0401165 0.0380485 0.0391118 0.0391064 0.0391064 0.0386066 0.0391218 0.0396180 0.0401158 0.0401243 0.0053238 0.0057711 0.0370601 0.0380645 0.0401093 0.0370595 0.0380645 0.0057723 0.0048726 0.0008796 0.2358564 0.0044249 0.0057693 0.0048765 0.0030900 0.0000000 0.2357979 0.0035390 0.0017625 0.0035348 0.0057675 0.0048736 0.0053186 0.0053187 0.0062146 0.0057661 0.0053187 0.0057666 0.0044292 
PV218270_1_Influenza_A_virus_A_Canada_Goose_IL_25_000616_011_original_2025_H5N1_segment_1_polymerase_PB2_PB2_gene_complete_cds     0.2596886 0.2574207 0.2576240 0.2594467 0.2577508 0.2585889 0.2597765 0.2588491 0.2577311 0.2598172 0.2392727 0.2400785 0.2552771 0.2572101 0.2564991 0.2552651 0.2572101 0.2413543 0.2366464 0.2357979 0.0035372 0.2374938 0.2402823 0.2354518 0.2363195 0.2357979 0.0000000 0.2381507 0.2373182 0.2373977 0.2381586 0.2368109 0.2395302 0.2395407 0.2412942 0.2403707 0.2395407 0.2404634 0.2354428 
PV218278_1_Influenza_A_virus_A_Crane_VA_25_001494_001_original_2025_H5N1_segment_1_polymerase_PB2_PB2_gene_complete_cds            0.0401694 0.0380983 0.0391633 0.0391578 0.0391578 0.0386573 0.0391733 0.0396701 0.0401686 0.0401772 0.0071284 0.0075789 0.0371086 0.0381144 0.0401622 0.0371079 0.0381144 0.0075805 0.0066727 0.0026500 0.2382096 0.0062211 0.0075765 0.0066780 0.0048762 0.0035390 0.2381507 0.0000000 0.0035398 0.0053246 0.0075741 0.0075762 0.0071216 0.0071217 0.0080241 0.0075722 0.0071217 0.0075729 0.0062272 
PV218286_1_Influenza_A_virus_A_Duck_IL_25_000617_002_original_2025_H5N1_segment_1_polymerase_PB2_PB2_gene_complete_cds             0.0411429 0.0390657 0.0401346 0.0401290 0.0401290 0.0396274 0.0401449 0.0406427 0.0411421 0.0411509 0.0053249 0.0057724 0.0380741 0.0390822 0.0411357 0.0380734 0.0390822 0.0057735 0.0048737 0.0008798 0.2373770 0.0044258 0.0057705 0.0048776 0.0030906 0.0017625 0.2373182 0.0035398 0.0000000 0.0035355 0.0057688 0.0057703 0.0053198 0.0053199 0.0062160 0.0057673 0.0053199 0.0057678 0.0044301 
PV218318_1_Influenza_A_virus_A_Great_Horned_Owl_IA_25_000440_001_original_2025_H5N1_segment_1_polymerase_PB2_PB2_gene_complete_cds 0.0391308 0.0370695 0.0381286 0.0381234 0.0381234 0.0376247 0.0381383 0.0386334 0.0391301 0.0391384 0.0035396 0.0039847 0.0360833 0.0370850 0.0391237 0.0360827 0.0370850 0.0048777 0.0039814 0.0026468 0.2374563 0.0026478 0.0039833 0.0030949 0.0013207 0.0035348 0.2373977 0.0053246 0.0035355 0.0000000 0.0048737 0.0057692 0.0044275 0.0044276 0.0053212 0.0048738 0.0044276 0.0048742 0.0035386 
PV218326_1_Influenza_A_virus_A_Guineafowl_TN_25_001531_002_original_2025_H5N1_segment_1_polymerase_PB2_PB2_gene_complete_cds       0.0416564 0.0395748 0.0406464 0.0406406 0.0406406 0.0401382 0.0406568 0.0411554 0.0416557 0.0416646 0.0066731 0.0071225 0.0385816 0.0395916 0.0416492 0.0385809 0.0395916 0.0053239 0.0062187 0.0048723 0.2382174 0.0057682 0.0071203 0.0062236 0.0044264 0.0057675 0.2381586 0.0075741 0.0057688 0.0048737 0.0000000 0.0080210 0.0075679 0.0075680 0.0084713 0.0080190 0.0075680 0.0080197 0.0039831 
PV218366_1_Influenza_A_virus_A_Turkey_MN_25_001440_001_original_2025_H5N1_segment_1_polymerase_PB2_PB2_gene_complete_cds           0.0426799 0.0405895 0.0416663 0.0416604 0.0416604 0.0411563 0.0416771 0.0421772 0.0426791 0.0426883 0.0075752 0.0080260 0.0395931 0.0406068 0.0426726 0.0395924 0.0406068 0.0080278 0.0071187 0.0048736 0.2368696 0.0066665 0.0080235 0.0071243 0.0053203 0.0048736 0.2368109 0.0075762 0.0057703 0.0057692 0.0080210 0.0000000 0.0084722 0.0084723 0.0093785 0.0089246 0.0084723 0.0089255 0.0066731 
PV218382_1_Influenza_A_virus_A_Turkey_OH_25_001054_002_original_2025_H5N1_segment_1_polymerase_PB2_PB2_gene_complete_cds           0.0421720 0.0400858 0.0411601 0.0411543 0.0411543 0.0406510 0.0411708 0.0416702 0.0421713 0.0421803 0.0062237 0.0066726 0.0390909 0.0401029 0.0421648 0.0390902 0.0401029 0.0075742 0.0066672 0.0044250 0.2395892 0.0053207 0.0066705 0.0039861 0.0039809 0.0053186 0.2395302 0.0071216 0.0053198 0.0044275 0.0075679 0.0084722 0.0000000 0.0008799 0.0017624 0.0013208 0.0008799 0.0013209 0.0062221 
PV218390_1_Influenza_A_virus_A_Turkey_OH_25_001057_001_original_2025_H5N1_segment_1_polymerase_PB2_PB2_gene_complete_cds           0.0421728 0.0400866 0.0411609 0.0411551 0.0411551 0.0406518 0.0411715 0.0416709 0.0421720 0.0421811 0.0062238 0.0066727 0.0390916 0.0401036 0.0421656 0.0390909 0.0401036 0.0075743 0.0066673 0.0044251 0.2395997 0.0053208 0.0066706 0.0039861 0.0039810 0.0053187 0.2395407 0.0071217 0.0053199 0.0044276 0.0075680 0.0084723 0.0008799 0.0000000 0.0017624 0.0013208 0.0008799 0.0013209 0.0062222 
PV218430_1_Influenza_A_virus_A_Turkey_OH_25_001328_002_original_2025_H5N1_segment_1_polymerase_PB2_PB2_gene_complete_cds           0.0431902 0.0410958 0.0421751 0.0421691 0.0421691 0.0416643 0.0421860 0.0426868 0.0431894 0.0431987 0.0071238 0.0075740 0.0400980 0.0411133 0.0431829 0.0400973 0.0411133 0.0084785 0.0075678 0.0053182 0.2413534 0.0062170 0.0075716 0.0048794 0.0048730 0.0062146 0.2412942 0.0080241 0.0062160 0.0053212 0.0084713 0.0093785 0.0017624 0.0017624 0.0000000 0.0004396 0.0008798 0.0013208 0.0071220 
PV218438_1_Influenza_A_virus_A_Turkey_OH_25_001328_003_original_2025_H5N1_segment_1_polymerase_PB2_PB2_gene_complete_cds           0.0426784 0.0405883 0.0416650 0.0416591 0.0416591 0.0411551 0.0416758 0.0421759 0.0426776 0.0426868 0.0066732 0.0071227 0.0395920 0.0406056 0.0426712 0.0395913 0.0406056 0.0080257 0.0071169 0.0048710 0.2404298 0.0057683 0.0071204 0.0044322 0.0044264 0.0057661 0.2403707 0.0075722 0.0057673 0.0048738 0.0080190 0.0089246 0.0013208 0.0013208 0.0004396 0.0000000 0.0004395 0.0008798 0.0066714 
PV218494_1_Influenza_A_virus_A_Turkey_OH_25_001338_001_original_2025_H5N1_segment_1_polymerase_PB2_PB2_gene_complete_cds           0.0421728 0.0400866 0.0411609 0.0411551 0.0411551 0.0406518 0.0411715 0.0416709 0.0421720 0.0421811 0.0062238 0.0066727 0.0390916 0.0401036 0.0421656 0.0390909 0.0401036 0.0075743 0.0066673 0.0044251 0.2395997 0.0053208 0.0066706 0.0039861 0.0039810 0.0053187 0.2395407 0.0071217 0.0053199 0.0044276 0.0075680 0.0084723 0.0008799 0.0008799 0.0008798 0.0004395 0.0000000 0.0004396 0.0062222 
PV218526_1_Influenza_A_virus_A_Turkey_OH_25_001341_001_original_2025_H5N1_segment_1_polymerase_PB2_PB2_gene_complete_cds           0.0426837 0.0405933 0.0416702 0.0416643 0.0416643 0.0411601 0.0416809 0.0421811 0.0426830 0.0426922 0.0066738 0.0071233 0.0395968 0.0406105 0.0426765 0.0395961 0.0406105 0.0080264 0.0071175 0.0048715 0.2405224 0.0057688 0.0071211 0.0044326 0.0044268 0.0057666 0.2404634 0.0075729 0.0057678 0.0048742 0.0080197 0.0089255 0.0013209 0.0013209 0.0013208 0.0008798 0.0004396 0.0000000 0.0066720 
PV219182_1_Influenza_A_virus_A_goose_MD_25_001223_001_original_2025_H5N1_segment_1_polymerase_PB2_PB2_gene_complete_cds            0.0411886 0.0391085 0.0401789 0.0401732 0.0401732 0.0396710 0.0401892 0.0406877 0.0411878 0.0411966 0.0053296 0.0057775 0.0381156 0.0391251 0.0411813 0.0381149 0.0391251 0.0039863 0.0048780 0.0035376 0.2355014 0.0044297 0.0057756 0.0048819 0.0030933 0.0044292 0.2354428 0.0062272 0.0044301 0.0035386 0.0039831 0.0066731 0.0062221 0.0062222 0.0071220 0.0066714 0.0062222 0.0066720 0.0000000 
