27
PV792030_1_Influenza_A_virus_A_cattle_ID_25_012907_001_original_2025_H5N1_segment_5_nucleocapsid_protein_NP_gene_complete_cds           0.0000000 0.0040528 0.0033719 0.0026931 0.0013422 0.0020165 0.0293510 0.0040529 0.0033709 0.0040520 0.0026931 0.0301040 0.0316410 0.0270536 0.1789745 0.0278129 0.0303546 0.0278760 0.0285672 0.0278061 0.1802515 0.0293325 0.0278040 0.0285579 0.0285881 0.0301945 0.0278061 
PV792278_1_Influenza_A_virus_A_cattle_CA_25_012917_001_original_2025_H5N1_segment_5_nucleocapsid_protein_NP_gene_complete_cds           0.0040528 0.0000000 0.0033735 0.0026944 0.0026944 0.0033735 0.0293510 0.0026944 0.0020169 0.0026938 0.0013428 0.0301040 0.0316410 0.0270536 0.1764122 0.0278129 0.0303546 0.0278760 0.0285672 0.0278061 0.1776841 0.0293325 0.0278040 0.0285579 0.0285881 0.0301945 0.0278061 
PV792398_1_Influenza_A_virus_A_cattle_ID_25_012902_001_original_2025_H5N1_segment_5_nucleocapsid_protein_NP_gene_complete_cds           0.0033719 0.0033735 0.0000000 0.0006695 0.0020175 0.0026944 0.0301187 0.0033735 0.0026936 0.0033728 0.0020175 0.0308738 0.0324162 0.0278129 0.1750478 0.0285744 0.0311318 0.0286396 0.0293325 0.0285674 0.1763160 0.0300995 0.0285652 0.0293230 0.0293539 0.0309669 0.0285674 
PV792406_1_Influenza_A_virus_A_cattle_ID_25_012902_002_original_2025_H5N1_segment_5_nucleocapsid_protein_NP_gene_complete_cds           0.0026931 0.0026944 0.0006695 0.0000000 0.0013428 0.0020175 0.0293512 0.0026944 0.0020169 0.0026938 0.0013428 0.0301042 0.0316412 0.0270538 0.1736879 0.0278131 0.0303548 0.0278762 0.0285674 0.0278063 0.1749525 0.0293327 0.0278041 0.0285581 0.0285883 0.0301947 0.0278063 
PV792502_1_Influenza_A_virus_A_cattle_ID_25_012909_001_original_2025_H5N1_segment_5_nucleocapsid_protein_NP_gene_complete_cds           0.0013422 0.0026944 0.0020175 0.0013428 0.0000000 0.0006695 0.0293510 0.0026944 0.0020169 0.0026938 0.0013428 0.0301040 0.0316410 0.0270536 0.1764122 0.0278129 0.0303546 0.0278760 0.0285672 0.0278061 0.1776841 0.0293325 0.0278040 0.0285579 0.0285881 0.0301945 0.0278061 
PV792510_1_Influenza_A_virus_A_cattle_ID_25_012909_002_original_2025_H5N1_segment_5_nucleocapsid_protein_NP_gene_complete_cds           0.0020165 0.0033735 0.0026944 0.0020175 0.0006695 0.0000000 0.0301187 0.0033735 0.0026936 0.0033728 0.0020175 0.0308738 0.0324162 0.0278129 0.1777802 0.0285744 0.0311318 0.0286396 0.0293325 0.0285674 0.1790556 0.0300995 0.0285652 0.0293230 0.0293539 0.0309669 0.0285674 
PV520593_1_Influenza_A_virus_A_cattle_Nevada_NV_7_2025_H5N1_segment_5_nucleocapsid_protein_NP_gene_complete_cds                         0.0293510 0.0293510 0.0301187 0.0293512 0.0293510 0.0301187 0.0000000 0.0278238 0.0285763 0.0293438 0.0278236 0.0047399 0.0061134 0.0020183 0.1785998 0.0026955 0.0061224 0.0027012 0.0033741 0.0026949 0.1798728 0.0054226 0.0026947 0.0047379 0.0033761 0.0047529 0.0026949 
PV218890_1_Influenza_A_virus_A_cattle_CA_25_000603_001_original_2025_H5N1_segment_5_nucleocapsid_protein_NP_gene_complete_cds           0.0040529 0.0026944 0.0033735 0.0026944 0.0026944 0.0033735 0.0278238 0.0000000 0.0020169 0.0026938 0.0013428 0.0285719 0.0300997 0.0255428 0.1709826 0.0262971 0.0288108 0.0263564 0.0270472 0.0262908 0.1722401 0.0278063 0.0262887 0.0270386 0.0270667 0.0286578 0.0262908 
PV218898_1_Influenza_A_virus_A_cattle_CA_25_000605_001_original_2025_H5N1_segment_5_nucleocapsid_protein_NP_gene_complete_cds           0.0033709 0.0020169 0.0026936 0.0020169 0.0020169 0.0026936 0.0285763 0.0020169 0.0000000 0.0020165 0.0006693 0.0293275 0.0308591 0.0262885 0.1749534 0.0270451 0.0295719 0.0271062 0.0277972 0.0270386 0.1762209 0.0285581 0.0270365 0.0277882 0.0278173 0.0294155 0.0270386 
PV218906_1_Influenza_A_virus_A_cattle_CA_25_001132_001_original_2025_H5N1_segment_5_nucleocapsid_protein_NP_gene_complete_cds           0.0040520 0.0026938 0.0033728 0.0026938 0.0026938 0.0033728 0.0293438 0.0026938 0.0020165 0.0000000 0.0013425 0.0300966 0.0316331 0.0270470 0.1763327 0.0278061 0.0303470 0.0278692 0.0285602 0.0277993 0.1776038 0.0293253 0.0277972 0.0285509 0.0285811 0.0301871 0.0277993 
PV218922_1_Influenza_A_virus_A_cattle_CA_25_001525_001_original_2025_H5N1_segment_5_nucleocapsid_protein_NP_gene_complete_cds           0.0026931 0.0013428 0.0020175 0.0013428 0.0013428 0.0020175 0.0278236 0.0013428 0.0006693 0.0013425 0.0000000 0.0285717 0.0300995 0.0255426 0.1736888 0.0262969 0.0288106 0.0263562 0.0270470 0.0262906 0.1749534 0.0278061 0.0262885 0.0270384 0.0270665 0.0286576 0.0262906 
PV792038_1_Influenza_A_virus_A_Duck_NY_25_012798_007_original_repeat_2025_H5N1_segment_5_nucleocapsid_protein_NP_gene_complete_cds      0.0301040 0.0301040 0.0308738 0.0301042 0.0301040 0.0308738 0.0047399 0.0285719 0.0293275 0.0300966 0.0285717 0.0000000 0.0068011 0.0026944 0.1799861 0.0033735 0.0068110 0.0033806 0.0040539 0.0033728 0.1812626 0.0061079 0.0033725 0.0054214 0.0040563 0.0054386 0.0033728 
PV336653_1_Influenza_A_virus_A_Common_Raven_CA_25_003340_001_original_2025_H5N1_segment_5_nucleocapsid_protein_NP_gene_complete_cds     0.0316410 0.0316410 0.0324162 0.0316412 0.0316410 0.0324162 0.0061134 0.0300997 0.0308591 0.0316331 0.0300995 0.0068011 0.0000000 0.0040543 0.1850180 0.0047378 0.0081993 0.0047479 0.0054223 0.0047368 0.1863035 0.0074888 0.0047364 0.0067982 0.0054256 0.0068199 0.0047368 
PV218194_1_Influenza_A_virus_A_Bald_Eagle_IA_25_001479_001_original_2025_H5N1_segment_5_nucleocapsid_protein_NP_gene_complete_cds       0.0270536 0.0270536 0.0278129 0.0270538 0.0270536 0.0278129 0.0020183 0.0255428 0.0262885 0.0270470 0.0255426 0.0026944 0.0040543 0.0000000 0.1795944 0.0006695 0.0040601 0.0006710 0.0013426 0.0006694 0.1808667 0.0033714 0.0006693 0.0026933 0.0013434 0.0027017 0.0006694 
PV218202_1_Influenza_A_virus_A_Bald_Eagle_IA_25_001479_002_original_2025_H5N1_segment_5_nucleocapsid_protein_NP_gene_complete_cds       0.1789745 0.1764122 0.1750478 0.1736879 0.1764122 0.1777802 0.1785998 0.1709826 0.1749534 0.1763327 0.1736888 0.1799861 0.1850180 0.1795944 0.0000000 0.1809644 0.1872609 0.1786523 0.1822575 0.1808826 0.0006702 0.1834518 0.1808667 0.1743292 0.1825979 0.1802915 0.1783244 
PV218210_1_Influenza_A_virus_A_Canada_Goose_IL_25_000616_002_original_2025_H5N1_segment_5_nucleocapsid_protein_NP_gene_complete_cds     0.0278129 0.0278129 0.0285744 0.0278131 0.0278129 0.0285744 0.0026955 0.0262971 0.0270451 0.0278061 0.0262969 0.0033735 0.0047378 0.0006695 0.1809644 0.0000000 0.0047446 0.0013457 0.0020172 0.0013426 0.1822403 0.0040523 0.0013425 0.0033721 0.0020184 0.0033827 0.0013426 
PV218226_1_Influenza_A_virus_A_Canada_Goose_IL_25_000616_004_original_2025_H5N1_segment_5_nucleocapsid_protein_NP_gene_complete_cds     0.0303546 0.0303546 0.0311318 0.0303548 0.0303546 0.0311318 0.0061224 0.0288108 0.0295719 0.0303470 0.0288106 0.0068110 0.0081993 0.0040601 0.1872609 0.0047446 0.0000000 0.0047547 0.0054302 0.0047436 0.1885618 0.0068197 0.0047433 0.0068082 0.0054334 0.0068300 0.0047436 
PV218234_1_Influenza_A_virus_A_Canada_Goose_IL_25_000616_005_original_2025_H5N1_segment_5_nucleocapsid_protein_NP_gene_complete_cds     0.0278760 0.0278760 0.0286396 0.0278762 0.0278760 0.0286396 0.0027012 0.0263564 0.0271062 0.0278692 0.0263562 0.0033806 0.0047479 0.0006710 0.1786523 0.0013457 0.0047547 0.0000000 0.0020215 0.0013455 0.1799161 0.0040609 0.0013454 0.0033792 0.0020227 0.0020188 0.0013455 
PV218250_1_Influenza_A_virus_A_Canada_Goose_IL_25_000616_007_original_2025_H5N1_segment_5_nucleocapsid_protein_NP_gene_complete_cds     0.0285672 0.0285672 0.0293325 0.0285674 0.0285672 0.0293325 0.0033741 0.0270472 0.0277972 0.0285602 0.0270470 0.0040539 0.0054223 0.0013426 0.1822575 0.0020172 0.0054302 0.0020215 0.0000000 0.0020168 0.1835361 0.0047344 0.0020167 0.0040523 0.0026950 0.0040650 0.0020168 
PV218266_1_Influenza_A_virus_A_Canada_Goose_IL_25_000616_010_original_2025_H5N1_segment_5_nucleocapsid_protein_NP_gene_complete_cds     0.0278061 0.0278061 0.0285674 0.0278063 0.0278061 0.0285674 0.0026949 0.0262908 0.0270386 0.0277993 0.0262906 0.0033728 0.0047368 0.0006694 0.1808826 0.0013426 0.0047436 0.0013455 0.0020168 0.0000000 0.1821578 0.0040515 0.0013423 0.0033714 0.0020180 0.0033820 0.0013424 
PV218274_1_Influenza_A_virus_A_Canada_Goose_IL_25_000616_011_original_2025_H5N1_segment_5_nucleocapsid_protein_NP_gene_complete_cds     0.1802515 0.1776841 0.1763160 0.1749525 0.1776841 0.1790556 0.1798728 0.1722401 0.1762209 0.1776038 0.1749534 0.1812626 0.1863035 0.1808667 0.0006702 0.1822403 0.1885618 0.1799161 0.1835361 0.1821578 0.0000000 0.1847321 0.1821417 0.1755891 0.1838798 0.1815625 0.1795944 
PV218282_1_Influenza_A_virus_A_Crane_VA_25_001494_001_original_2025_H5N1_segment_5_nucleocapsid_protein_NP_gene_complete_cds            0.0293325 0.0293325 0.0300995 0.0293327 0.0293325 0.0300995 0.0054226 0.0278063 0.0285581 0.0293253 0.0278061 0.0061079 0.0074888 0.0033714 0.1834518 0.0040523 0.0068197 0.0040609 0.0047344 0.0040515 0.1847321 0.0000000 0.0040512 0.0061053 0.0047372 0.0061247 0.0040515 
PV218290_1_Influenza_A_virus_A_Duck_IL_25_000617_002_original_2025_H5N1_segment_5_nucleocapsid_protein_NP_gene_complete_cds             0.0278040 0.0278040 0.0285652 0.0278041 0.0278040 0.0285652 0.0026947 0.0262887 0.0270365 0.0277972 0.0262885 0.0033725 0.0047364 0.0006693 0.1808667 0.0013425 0.0047433 0.0013454 0.0020167 0.0013423 0.1821417 0.0040512 0.0000000 0.0033711 0.0020178 0.0033817 0.0013423 
PV218322_1_Influenza_A_virus_A_Great_Horned_Owl_IA_25_000440_001_original_2025_H5N1_segment_5_nucleocapsid_protein_NP_gene_complete_cds 0.0285579 0.0285579 0.0293230 0.0285581 0.0285579 0.0293230 0.0047379 0.0270386 0.0277882 0.0285509 0.0270384 0.0054214 0.0067982 0.0026933 0.1743292 0.0033721 0.0068082 0.0033792 0.0040523 0.0033714 0.1755891 0.0061053 0.0033711 0.0000000 0.0040547 0.0054364 0.0033714 
PV218330_1_Influenza_A_virus_A_Guineafowl_TN_25_001531_002_original_2025_H5N1_segment_5_nucleocapsid_protein_NP_gene_complete_cds       0.0285881 0.0285881 0.0293539 0.0285883 0.0285881 0.0293539 0.0033761 0.0270667 0.0278173 0.0285811 0.0270665 0.0040563 0.0054256 0.0013434 0.1825979 0.0020184 0.0054334 0.0020227 0.0026950 0.0020180 0.1838798 0.0047372 0.0020178 0.0040547 0.0000000 0.0040674 0.0020180 
PV218386_1_Influenza_A_virus_A_Turkey_OH_25_001054_002_original_2025_H5N1_segment_5_nucleocapsid_protein_NP_gene_complete_cds           0.0301945 0.0301945 0.0309669 0.0301947 0.0301945 0.0309669 0.0047529 0.0286578 0.0294155 0.0301871 0.0286576 0.0054386 0.0068199 0.0027017 0.1802915 0.0033827 0.0068300 0.0020188 0.0040650 0.0033820 0.1815625 0.0061247 0.0033817 0.0054364 0.0040674 0.0000000 0.0033820 
PV219186_1_Influenza_A_virus_A_goose_MD_25_001223_001_original_2025_H5N1_segment_5_nucleocapsid_protein_NP_gene_complete_cds            0.0278061 0.0278061 0.0285674 0.0278063 0.0278061 0.0285674 0.0026949 0.0262908 0.0270386 0.0277993 0.0262906 0.0033728 0.0047368 0.0006694 0.1783244 0.0013426 0.0047436 0.0013455 0.0020168 0.0013424 0.1795944 0.0040515 0.0013423 0.0033714 0.0020180 0.0033820 0.0000000 
