34
PV792027_1_Influenza_A_virus_A_cattle_ID_25_012907_001_original_2025_H5N1_segment_2_polymerase_PB1_PB1_gene_partial_cds_and_PB1_F2_protein_PB1_F2_gene_complete_cds 0.0000000 0.0044408 0.0013259 0.0022132 0.0017689 0.1632081 0.1639401 0.0022126 0.0017689 0.0022126 0.0022128 0.0026571 0.1670147 0.1663019 0.1660168 0.1682675 0.1640146 0.1667199 0.1668230 0.1679605 0.1668296 0.1696377 0.1643127 0.1683376 0.1675442 0.1661189 0.1668657 0.1654166 0.1673372 0.1672416 0.1680760 0.1682238 0.1689391 0.1675280 
PV792275_1_Influenza_A_virus_A_cattle_CA_25_012917_001_original_2025_H5N1_segment_2_polymerase_PB1_PB1_and_PB1_F2_protein_PB1_F2_genes_complete_cds                 0.0044408 0.0000000 0.0031024 0.0039949 0.0035476 0.1645647 0.1652988 0.0031025 0.0026576 0.0031025 0.0031029 0.0035485 0.1683825 0.1676680 0.1673801 0.1696376 0.1653746 0.1680851 0.1681891 0.1693274 0.1681961 0.1710114 0.1656754 0.1697085 0.1689125 0.1674837 0.1677117 0.1667798 0.1687021 0.1686050 0.1694428 0.1695932 0.1703113 0.1688959 
PV792395_1_Influenza_A_virus_A_cattle_ID_25_012902_001_original_2025_H5N1_segment_2_polymerase_PB1_PB1_and_PB1_F2_protein_PB1_F2_genes_complete_cds                 0.0013259 0.0031024 0.0000000 0.0008835 0.0004409 0.1610948 0.1618230 0.0008833 0.0004409 0.0008833 0.0008834 0.0013259 0.1648798 0.1641706 0.1638900 0.1661276 0.1618952 0.1645895 0.1646909 0.1658259 0.1646969 0.1674923 0.1621889 0.1661963 0.1654079 0.1639895 0.1647323 0.1632907 0.1652063 0.1651131 0.1659412 0.1660848 0.1667966 0.1653922 
PV792491_1_Influenza_A_virus_A_cattle_ID_25_012906_001_original_2025_H5N1_segment_2_polymerase_PB1_PB1_and_PB1_F2_protein_PB1_F2_genes_complete_cds                 0.0022132 0.0039949 0.0008835 0.0000000 0.0013260 0.1625854 0.1633169 0.0017692 0.0013260 0.0017692 0.0017694 0.0022132 0.1663885 0.1656762 0.1653922 0.1676408 0.1633907 0.1660948 0.1661974 0.1673351 0.1662039 0.1690103 0.1636877 0.1677105 0.1669180 0.1654936 0.1662398 0.1647918 0.1667124 0.1666174 0.1660014 0.1675972 0.1683121 0.1669019 
PV792531_1_Influenza_A_virus_A_cattle_ID_25_012952_001_original_2025_H5N1_segment_2_polymerase_PB1_PB1_and_PB1_F2_protein_PB1_F2_genes_complete_cds                 0.0017689 0.0035476 0.0004409 0.0013260 0.0000000 0.1617573 0.1624864 0.0013257 0.0008832 0.0013257 0.0013258 0.0017689 0.1655477 0.1648376 0.1645557 0.1667966 0.1625593 0.1652561 0.1653580 0.1664934 0.1653642 0.1681625 0.1628543 0.1668657 0.1660761 0.1646560 0.1653998 0.1639563 0.1658729 0.1657789 0.1666087 0.1667535 0.1674662 0.1660602 
PV520598_1_Influenza_A_virus_A_cattle_Nevada_NV_7_2025_H5N1_segment_2_polymerase_PB1_PB1_and_PB1_F2_protein_PB1_F2_genes_complete_cds                               0.1632081 0.1645647 0.1610948 0.1625854 0.1617573 0.0000000 0.0004400 0.1624614 0.1617573 0.1624614 0.1610543 0.1603279 0.0048826 0.0044358 0.0026515 0.0039861 0.0044379 0.0039852 0.0039869 0.0044334 0.0030962 0.0048780 0.0057808 0.0057725 0.0044311 0.0026520 0.0030965 0.0030965 0.0039915 0.0048861 0.0044384 0.0039857 0.0044315 0.0044312 
PV520601_1_Influenza_A_virus_A_cattle_Nevada_WD_210_2025_H5N1_segment_2_polymerase_PB1_PB1_and_PB1_F2_protein_PB1_F2_genes_complete_cds                             0.1639401 0.1652988 0.1618230 0.1633169 0.1624864 0.0004400 0.0000000 0.1631918 0.1624864 0.1631918 0.1617822 0.1610543 0.0053306 0.0048831 0.0030958 0.0044324 0.0048855 0.0044314 0.0044333 0.0048806 0.0035412 0.0053255 0.0062303 0.0062214 0.0048780 0.0030964 0.0035416 0.0035416 0.0044384 0.0053345 0.0048860 0.0044320 0.0048784 0.0048781 
PV218887_1_Influenza_A_virus_A_cattle_CA_25_000603_001_original_2025_H5N1_segment_2_polymerase_PB1_PB1_and_PB1_F2_protein_PB1_F2_genes_complete_cds                 0.0022126 0.0031025 0.0008833 0.0017692 0.0013257 0.1624614 0.1631918 0.0000000 0.0004409 0.0008833 0.0008834 0.0013260 0.1662590 0.1655477 0.1652643 0.1675096 0.1632654 0.1659659 0.1660684 0.1672046 0.1660748 0.1688773 0.1635619 0.1675792 0.1667878 0.1653654 0.1661106 0.1646646 0.1665828 0.1664881 0.1673200 0.1674662 0.1681800 0.1667718 
PV218895_1_Influenza_A_virus_A_cattle_CA_25_000605_001_original_2025_H5N1_segment_2_polymerase_PB1_PB1_and_PB1_F2_protein_PB1_F2_genes_complete_cds                 0.0017689 0.0026576 0.0004409 0.0013260 0.0008832 0.1617573 0.1624864 0.0004409 0.0000000 0.0004409 0.0004409 0.0008834 0.1655477 0.1648376 0.1645557 0.1667966 0.1625593 0.1652561 0.1653580 0.1664934 0.1653642 0.1681625 0.1628543 0.1668657 0.1660761 0.1646560 0.1653998 0.1639563 0.1658729 0.1657789 0.1666087 0.1667535 0.1674662 0.1660602 
PV218903_1_Influenza_A_virus_A_cattle_CA_25_001132_001_original_2025_H5N1_segment_2_polymerase_PB1_PB1_and_PB1_F2_protein_PB1_F2_genes_complete_cds                 0.0022126 0.0031025 0.0008833 0.0017692 0.0013257 0.1624614 0.1631918 0.0008833 0.0004409 0.0000000 0.0008834 0.0013260 0.1662590 0.1655477 0.1652643 0.1675096 0.1632654 0.1659659 0.1660684 0.1672046 0.1660748 0.1688773 0.1635619 0.1675792 0.1667878 0.1653654 0.1661106 0.1646646 0.1665828 0.1664881 0.1673200 0.1674662 0.1681800 0.1667718 
PV218919_1_Influenza_A_virus_A_cattle_CA_25_001525_001_original_2025_H5N1_segment_2_polymerase_PB1_PB1_and_PB1_F2_protein_PB1_F2_genes_complete_cds                 0.0022128 0.0031029 0.0008834 0.0017694 0.0013258 0.1610543 0.1617822 0.0008834 0.0004409 0.0008834 0.0000000 0.0004409 0.1648376 0.1641286 0.1638483 0.1660848 0.1618543 0.1645474 0.1646488 0.1657833 0.1646548 0.1674489 0.1621478 0.1661534 0.1653654 0.1639477 0.1646902 0.1632492 0.1651640 0.1650709 0.1658986 0.1660420 0.1667535 0.1653497 
PV218927_1_Influenza_A_virus_A_cattle_CA_25_001525_002_original_2025_H5N1_segment_2_polymerase_PB1_PB1_and_PB1_F2_protein_PB1_F2_genes_complete_cds                 0.0026571 0.0035485 0.0013259 0.0022132 0.0017689 0.1603279 0.1610543 0.0013260 0.0008834 0.0013260 0.0004409 0.0000000 0.1641032 0.1633955 0.1631168 0.1653485 0.1611257 0.1638145 0.1639154 0.1650489 0.1639212 0.1667105 0.1614176 0.1654166 0.1646305 0.1632153 0.1639563 0.1625181 0.1644309 0.1643387 0.1651640 0.1653061 0.1660163 0.1646150 
PV792035_1_Influenza_A_virus_A_Duck_NY_25_012798_007_original_repeat_2025_H5N1_segment_2_polymerase_PB1_PB1_and_PB1_F2_protein_PB1_F2_genes_complete_cds            0.1670147 0.1683825 0.1648798 0.1663885 0.1655477 0.0048826 0.0053306 0.1662590 0.1655477 0.1662590 0.1648376 0.1641032 0.0000000 0.0004397 0.0039878 0.0044354 0.0048888 0.0053276 0.0053299 0.0048839 0.0044348 0.0053292 0.0062346 0.0062256 0.0048813 0.0039885 0.0035440 0.0035440 0.0044414 0.0053381 0.0048893 0.0044350 0.0048818 0.0048814 
PV792043_1_Influenza_A_virus_A_Duck_NY_25_013275_004_original_2025_H5N1_segment_2_polymerase_PB1_PB1_and_PB1_F2_protein_PB1_F2_genes_complete_cds                   0.1663019 0.1676680 0.1641706 0.1656762 0.1648376 0.0044358 0.0048831 0.1655477 0.1648376 0.1655477 0.1641286 0.1633955 0.0004397 0.0000000 0.0035424 0.0039892 0.0044414 0.0048804 0.0048825 0.0044369 0.0039887 0.0048818 0.0057854 0.0057771 0.0044346 0.0035430 0.0030990 0.0030990 0.0039946 0.0048900 0.0044419 0.0039889 0.0044350 0.0044347 
PV336650_1_Influenza_A_virus_A_Common_Raven_CA_25_003340_001_original_2025_H5N1_segment_2_polymerase_PB1_PB1_and_PB1_F2_protein_PB1_F2_genes_complete_cds           0.1660168 0.1673801 0.1638900 0.1653922 0.1645557 0.0026515 0.0030958 0.1652643 0.1645557 0.1652643 0.1638483 0.1631168 0.0039878 0.0035424 0.0000000 0.0030948 0.0035441 0.0030941 0.0030954 0.0035405 0.0022077 0.0039840 0.0048828 0.0048758 0.0035386 0.0017649 0.0022079 0.0022079 0.0030990 0.0039907 0.0035445 0.0030945 0.0035390 0.0035387 
PV218191_1_Influenza_A_virus_A_Bald_Eagle_IA_25_001479_001_original_2025_H5N1_segment_2_polymerase_PB1_PB1_and_PB1_F2_protein_PB1_F2_genes_complete_cds             0.1682675 0.1696376 0.1661276 0.1676408 0.1667966 0.0039861 0.0044324 0.1675096 0.1667966 0.1675096 0.1660848 0.1653485 0.0044354 0.0039892 0.0030948 0.0000000 0.0039912 0.0044299 0.0044318 0.0039871 0.0035401 0.0017644 0.0053322 0.0026501 0.0013223 0.0030954 0.0026522 0.0017651 0.0035454 0.0044387 0.0039916 0.0008810 0.0013224 0.0039851 
PV218199_1_Influenza_A_virus_A_Bald_Eagle_IA_25_001479_002_original_2025_H5N1_segment_2_polymerase_PB1_PB1_and_PB1_F2_protein_PB1_F2_genes_complete_cds             0.1640146 0.1653746 0.1618952 0.1633907 0.1625593 0.0044379 0.0048855 0.1632654 0.1625593 0.1632654 0.1618543 0.1611257 0.0048888 0.0044414 0.0035441 0.0039912 0.0000000 0.0048828 0.0048848 0.0044391 0.0039906 0.0048842 0.0013227 0.0057799 0.0044368 0.0035447 0.0031005 0.0031005 0.0039966 0.0048924 0.0044441 0.0039908 0.0044372 0.0044368 
PV218207_1_Influenza_A_virus_A_Canada_Goose_IL_25_000616_002_original_2025_H5N1_segment_2_polymerase_PB1_PB1_and_putative_PB1_F2_protein_PB1_F2_genes_complete_cds  0.1667199 0.1680851 0.1645895 0.1660948 0.1652561 0.0039852 0.0044314 0.1659659 0.1652561 0.1659659 0.1645474 0.1638145 0.0053276 0.0048804 0.0030941 0.0044299 0.0048828 0.0000000 0.0044308 0.0048778 0.0035393 0.0053226 0.0062268 0.0062179 0.0048753 0.0030947 0.0035396 0.0035396 0.0044359 0.0053315 0.0048833 0.0044295 0.0048757 0.0048753 
PV218223_1_Influenza_A_virus_A_Canada_Goose_IL_25_000616_004_original_2025_H5N1_segment_2_polymerase_PB1_PB1_and_PB1_F2_protein_PB1_F2_genes_complete_cds           0.1668230 0.1681891 0.1646909 0.1661974 0.1653580 0.0039869 0.0044333 0.1660684 0.1653580 0.1660684 0.1646488 0.1639154 0.0053299 0.0048825 0.0030954 0.0044318 0.0048848 0.0044308 0.0000000 0.0048799 0.0035408 0.0053248 0.0062295 0.0062205 0.0048773 0.0026552 0.0035411 0.0035411 0.0044378 0.0053337 0.0048854 0.0044314 0.0048778 0.0048774 
PV218231_1_Influenza_A_virus_A_Canada_Goose_IL_25_000616_005_original_2025_H5N1_segment_2_polymerase_PB1_PB1_and_PB1_F2_protein_PB1_F2_genes_complete_cds           0.1679605 0.1693274 0.1658259 0.1673351 0.1664934 0.0044334 0.0048806 0.1672046 0.1664934 0.1672046 0.1657833 0.1650489 0.0048839 0.0044369 0.0035405 0.0039871 0.0044391 0.0048778 0.0048799 0.0000000 0.0039866 0.0048793 0.0057824 0.0057741 0.0044323 0.0035411 0.0030973 0.0030973 0.0031009 0.0039931 0.0035466 0.0039868 0.0044327 0.0044324 
PV218247_1_Influenza_A_virus_A_Canada_Goose_IL_25_000616_007_original_2025_H5N1_segment_2_polymerase_PB1_PB1_and_PB1_F2_protein_PB1_F2_genes_complete_cds           0.1668296 0.1681961 0.1646969 0.1662039 0.1653642 0.0030962 0.0035412 0.1660748 0.1653642 0.1660748 0.1646548 0.1639212 0.0044348 0.0039887 0.0022077 0.0035401 0.0039906 0.0035393 0.0035408 0.0039866 0.0000000 0.0044306 0.0053315 0.0053238 0.0039845 0.0022081 0.0026518 0.0026518 0.0035449 0.0044380 0.0039911 0.0035398 0.0039849 0.0039846 
PV218263_1_Influenza_A_virus_A_Canada_Goose_IL_25_000616_010_original_2025_H5N1_segment_2_polymerase_PB1_PB1_and_PB1_F2_protein_PB1_F2_genes_complete_cds           0.1696377 0.1710114 0.1674923 0.1690103 0.1681625 0.0048780 0.0053255 0.1688773 0.1681625 0.1688773 0.1674489 0.1667105 0.0053292 0.0048818 0.0039840 0.0017644 0.0048842 0.0053226 0.0053248 0.0048793 0.0044306 0.0000000 0.0062287 0.0035378 0.0022065 0.0039847 0.0035407 0.0026509 0.0044372 0.0053330 0.0048847 0.0017642 0.0022067 0.0048768 
PV218271_1_Influenza_A_virus_A_Canada_Goose_IL_25_000616_011_original_2025_H5N1_segment_2_polymerase_PB1_PB1_and_PB1_F2_protein_PB1_F2_genes_complete_cds           0.1643127 0.1656754 0.1621889 0.1636877 0.1628543 0.0057808 0.0062303 0.1635619 0.1628543 0.1635619 0.1621478 0.1614176 0.0062346 0.0057854 0.0048828 0.0053322 0.0013227 0.0062268 0.0062295 0.0057824 0.0053315 0.0062287 0.0000000 0.0071279 0.0057793 0.0048837 0.0044381 0.0044381 0.0053394 0.0062391 0.0057889 0.0053317 0.0057799 0.0057794 
PV218279_1_Influenza_A_virus_A_Crane_VA_25_001494_001_original_2025_H5N1_segment_2_polymerase_PB1_PB1_and_PB1_F2_protein_PB1_F2_genes_complete_cds                  0.1683376 0.1697085 0.1661963 0.1677105 0.1668657 0.0057725 0.0062214 0.1675792 0.1668657 0.1675792 0.1661534 0.1654166 0.0062256 0.0057771 0.0048758 0.0026501 0.0057799 0.0062179 0.0062205 0.0057741 0.0053238 0.0035378 0.0071279 0.0000000 0.0030932 0.0048767 0.0044317 0.0035392 0.0053317 0.0062301 0.0057805 0.0026498 0.0030935 0.0057711 
PV218287_1_Influenza_A_virus_A_Duck_IL_25_000617_002_original_2025_H5N1_segment_2_polymerase_PB1_PB1_and_PB1_F2_protein_PB1_F2_genes_complete_cds                   0.1675442 0.1689125 0.1654079 0.1669180 0.1660761 0.0044311 0.0048780 0.1667878 0.1660761 0.1667878 0.1653654 0.1646305 0.0048813 0.0044346 0.0035386 0.0013223 0.0044368 0.0048753 0.0048773 0.0044323 0.0039845 0.0022065 0.0057793 0.0030932 0.0000000 0.0035393 0.0030957 0.0022074 0.0039904 0.0048848 0.0044372 0.0004397 0.0008810 0.0044300 
PV218319_1_Influenza_A_virus_A_Great_Horned_Owl_IA_25_000440_001_original_2025_H5N1_segment_2_polymerase_PB1_PB1_and_PB1_F2_protein_PB1_F2_genes_complete_cds       0.1661189 0.1674837 0.1639895 0.1654936 0.1646560 0.0026520 0.0030964 0.1653654 0.1646560 0.1653654 0.1639477 0.1632153 0.0039885 0.0035430 0.0017649 0.0030954 0.0035447 0.0030947 0.0026552 0.0035411 0.0022081 0.0039847 0.0048837 0.0048767 0.0035393 0.0000000 0.0022083 0.0022083 0.0030996 0.0039914 0.0035451 0.0030951 0.0035396 0.0035393 
PV218327_1_Influenza_A_virus_A_Guineafowl_TN_25_001531_002_original_2025_H5N1_segment_2_polymerase_PB1_PB1_and_PB1_F2_protein_PB1_F2_genes_complete_cds             0.1668657 0.1677117 0.1647323 0.1662398 0.1653998 0.0030965 0.0035416 0.1661106 0.1653998 0.1661106 0.1646902 0.1639563 0.0035440 0.0030990 0.0022079 0.0026522 0.0031005 0.0035396 0.0035411 0.0030973 0.0026518 0.0035407 0.0044381 0.0044317 0.0030957 0.0022083 0.0000000 0.0017660 0.0026558 0.0035466 0.0031008 0.0026520 0.0030960 0.0030958 
PV218367_1_Influenza_A_virus_A_Turkey_MN_25_001440_001_original_2025_H5N1_segment_2_polymerase_PB1_PB1_and_PB1_F2_protein_PB1_F2_genes_complete_cds                 0.1654166 0.1667798 0.1632907 0.1647918 0.1639563 0.0030965 0.0035416 0.1646646 0.1639563 0.1646646 0.1632492 0.1625181 0.0035440 0.0030990 0.0022079 0.0017651 0.0031005 0.0035396 0.0035411 0.0030973 0.0026518 0.0026509 0.0044381 0.0035392 0.0022074 0.0022083 0.0017660 0.0000000 0.0026558 0.0035466 0.0031008 0.0017649 0.0022076 0.0030958 
PV218383_1_Influenza_A_virus_A_Turkey_OH_25_001054_002_original_2025_H5N1_segment_2_polymerase_PB1_PB1_and_PB1_F2_protein_PB1_F2_genes_complete_cds                 0.1673372 0.1687021 0.1652063 0.1667124 0.1658729 0.0039915 0.0044384 0.1665828 0.1658729 0.1665828 0.1651640 0.1644309 0.0044414 0.0039946 0.0030990 0.0035454 0.0039966 0.0044359 0.0044378 0.0031009 0.0035449 0.0044372 0.0053394 0.0053317 0.0039904 0.0030996 0.0026558 0.0026558 0.0000000 0.0008815 0.0004399 0.0035450 0.0039908 0.0039905 
PV218431_1_Influenza_A_virus_A_Turkey_OH_25_001328_002_original_2025_H5N1_segment_2_polymerase_PB1_PB1_and_PB1_F2_protein_PB1_F2_genes_complete_cds                 0.1672416 0.1686050 0.1651131 0.1666174 0.1657789 0.0048861 0.0053345 0.1664881 0.1657789 0.1664881 0.1650709 0.1643387 0.0053381 0.0048900 0.0039907 0.0044387 0.0048924 0.0053315 0.0053337 0.0039931 0.0044380 0.0053330 0.0062391 0.0062301 0.0048848 0.0039914 0.0035466 0.0035466 0.0008815 0.0000000 0.0013233 0.0044382 0.0048853 0.0048849 
PV218447_1_Influenza_A_virus_A_Turkey_OH_25_001329_001_original_2025_H5N1_segment_2_polymerase_PB1_PB1_and_PB1_F2_protein_PB1_F2_genes_complete_cds                 0.1680760 0.1694428 0.1659412 0.1660014 0.1666087 0.0044384 0.0048860 0.1673200 0.1666087 0.1673200 0.1658986 0.1651640 0.0048893 0.0044419 0.0035445 0.0039916 0.0044441 0.0048833 0.0048854 0.0035466 0.0039911 0.0048847 0.0057889 0.0057805 0.0044372 0.0035451 0.0031008 0.0031008 0.0004399 0.0013233 0.0000000 0.0039912 0.0044377 0.0044373 
PV218543_1_Influenza_A_virus_A_Wood_Duck_IL_25_001096_001_original_2025_H5N1_segment_2_polymerase_PB1_PB1_and_PB1_F2_protein_PB1_F2_genes_complete_cds              0.1682238 0.1695932 0.1660848 0.1675972 0.1667535 0.0039857 0.0044320 0.1674662 0.1667535 0.1674662 0.1660420 0.1653061 0.0044350 0.0039889 0.0030945 0.0008810 0.0039908 0.0044295 0.0044314 0.0039868 0.0035398 0.0017642 0.0053317 0.0026498 0.0004397 0.0030951 0.0026520 0.0017649 0.0035450 0.0044382 0.0039912 0.0000000 0.0004397 0.0039847 
PV219159_1_Influenza_A_virus_A_goose_IL_25_001560_004_original_2025_H5N1_segment_2_polymerase_PB1_PB1_and_PB1_F2_protein_PB1_F2_genes_complete_cds                  0.1689391 0.1703113 0.1667966 0.1683121 0.1674662 0.0044315 0.0048784 0.1681800 0.1674662 0.1681800 0.1667535 0.1660163 0.0048818 0.0044350 0.0035390 0.0013224 0.0044372 0.0048757 0.0048778 0.0044327 0.0039849 0.0022067 0.0057799 0.0030935 0.0008810 0.0035396 0.0030960 0.0022076 0.0039908 0.0048853 0.0044377 0.0004397 0.0000000 0.0044304 
PV219183_1_Influenza_A_virus_A_goose_MD_25_001223_001_original_2025_H5N1_segment_2_polymerase_PB1_PB1_and_PB1_F2_protein_PB1_F2_genes_complete_cds                  0.1675280 0.1688959 0.1653922 0.1669019 0.1660602 0.0044312 0.0048781 0.1667718 0.1660602 0.1667718 0.1653497 0.1646150 0.0048814 0.0044347 0.0035387 0.0039851 0.0044368 0.0048753 0.0048774 0.0044324 0.0039846 0.0048768 0.0057794 0.0057711 0.0044300 0.0035393 0.0030958 0.0030958 0.0039905 0.0048849 0.0044373 0.0039847 0.0044304 0.0000000 
