37
PV792028_1_Influenza_A_virus_A_cattle_ID_25_012907_001_original_2025_H5N1_segment_3_polymerase_PA_PA_and_PA_X_protein_PA_X_genes_complete_cds           0.0000000 0.0042209 0.0018683 0.0028077 0.0014002 0.0018684 0.0018684 0.0009321 0.1549821 0.0056414 0.0042211 0.0046938 0.0042206 0.0037488 0.1514443 0.1484981 0.1484760 0.0289689 0.1499931 0.1469384 0.1516819 0.1522127 0.1482756 0.0284575 0.1468213 0.1489971 0.1497233 0.1497810 0.1490109 0.1483576 0.1524609 0.1531921 0.1532041 0.1490006 0.1497233 0.1506514 0.1492078 
PV792276_1_Influenza_A_virus_A_cattle_CA_25_012917_001_original_2025_H5N1_segment_3_polymerase_PA_PA_and_PA_X_protein_PA_X_genes_complete_cds           0.0042209 0.0000000 0.0032778 0.0042223 0.0028075 0.0032780 0.0032781 0.0032778 0.1513018 0.0032785 0.0018690 0.0023381 0.0018688 0.0014005 0.1478082 0.1448881 0.1456470 0.0264096 0.1463689 0.1433446 0.1480374 0.1485694 0.1446724 0.0259021 0.1432304 0.1453880 0.1461080 0.1461632 0.1454014 0.1447512 0.1488090 0.1495342 0.1495459 0.1453913 0.1461080 0.1470241 0.1455922 
PV792396_1_Influenza_A_virus_A_cattle_ID_25_012902_001_original_2025_H5N1_segment_3_polymerase_PA_PA_and_PA_X_protein_PA_X_genes_complete_cds           0.0018683 0.0032778 0.0000000 0.0018689 0.0004657 0.0009321 0.0009321 0.0009320 0.1535307 0.0046938 0.0032779 0.0037492 0.0032776 0.0028072 0.1500101 0.1470738 0.1470520 0.0279412 0.1485634 0.1455204 0.1502443 0.1507757 0.1468541 0.0274305 0.1454044 0.1475733 0.1482971 0.1483538 0.1475869 0.1469347 0.1510205 0.1517494 0.1517613 0.1475767 0.1482971 0.1492205 0.1477814 
PV792404_1_Influenza_A_virus_A_cattle_ID_25_012902_002_original_2025_H5N1_segment_3_polymerase_PA_PA_and_PA_X_protein_PA_X_genes_complete_cds           0.0028077 0.0042223 0.0018689 0.0000000 0.0014006 0.0009324 0.0018690 0.0018689 0.1519276 0.0056432 0.0042224 0.0046953 0.0042220 0.0037500 0.1484294 0.1455073 0.1454858 0.0289795 0.1469893 0.1445804 0.1486599 0.1491912 0.1452906 0.0284679 0.1438474 0.1460065 0.1467272 0.1467827 0.1460199 0.1453699 0.1494321 0.1501577 0.1501694 0.1460098 0.1467272 0.1476445 0.1462117 
PV792412_1_Influenza_A_virus_A_cattle_ID_25_012902_003_original_2025_H5N1_segment_3_polymerase_PA_PA_and_PA_X_protein_PA_X_genes_complete_cds           0.0014002 0.0028075 0.0004657 0.0014006 0.0000000 0.0004657 0.0004657 0.0004657 0.1527573 0.0042213 0.0028075 0.0032781 0.0028072 0.0023376 0.1492465 0.1463163 0.1462946 0.0274285 0.1478026 0.1447665 0.1494790 0.1500105 0.1460979 0.0269197 0.1446512 0.1468159 0.1475383 0.1475944 0.1468294 0.1461779 0.1502535 0.1509810 0.1509928 0.1468192 0.1475383 0.1484590 0.1470226 
PV792444_1_Influenza_A_virus_A_cattle_ID_25_012902_007_original_2025_H5N1_segment_3_polymerase_PA_PA_and_PA_X_protein_PA_X_genes_complete_cds           0.0018684 0.0032780 0.0009321 0.0009324 0.0004657 0.0000000 0.0009322 0.0009321 0.1535025 0.0046940 0.0032781 0.0037493 0.0032777 0.0028074 0.1499827 0.1470470 0.1470252 0.0279426 0.1485363 0.1454939 0.1502168 0.1507481 0.1468273 0.0274318 0.1453780 0.1475464 0.1482701 0.1483267 0.1475600 0.1469079 0.1509928 0.1517216 0.1517335 0.1475498 0.1482701 0.1491933 0.1477544 
PV792492_1_Influenza_A_virus_A_cattle_ID_25_012906_001_original_2025_H5N1_segment_3_polymerase_PA_PA_and_PA_X_protein_PA_X_genes_complete_cds           0.0018684 0.0032781 0.0009321 0.0018690 0.0004657 0.0009322 0.0000000 0.0009321 0.1520219 0.0046941 0.0032781 0.0037494 0.0032778 0.0028074 0.1499883 0.1455949 0.1455734 0.0269178 0.1470784 0.1440481 0.1487507 0.1492824 0.1453780 0.0264096 0.1439334 0.1460946 0.1468159 0.1468715 0.1461080 0.1454573 0.1495237 0.1502500 0.1502618 0.1460979 0.1468159 0.1477341 0.1463001 
PV792500_1_Influenza_A_virus_A_cattle_ID_25_012909_001_original_2025_H5N1_segment_3_polymerase_PA_PA_and_PA_X_protein_PA_X_genes_complete_cds           0.0009321 0.0032778 0.0009320 0.0018689 0.0004657 0.0009321 0.0009321 0.0000000 0.1534904 0.0046938 0.0032779 0.0037491 0.0032775 0.0028072 0.1499709 0.1470355 0.1470137 0.0279408 0.1485247 0.1454826 0.1502051 0.1507363 0.1468159 0.0274300 0.1453667 0.1475349 0.1482585 0.1483152 0.1475485 0.1468965 0.1509810 0.1517097 0.1517216 0.1475383 0.1482585 0.1491816 0.1477429 
PV520599_1_Influenza_A_virus_A_cattle_Nevada_NV_7_2025_H5N1_segment_3_polymerase_PA_PA_and_PA_X_protein_PA_X_genes_complete_cds                         0.1549821 0.1513018 0.1535307 0.1519276 0.1527573 0.1535025 0.1520219 0.1534904 0.0000000 0.1535304 0.1513137 0.1520503 0.1527681 0.1520326 0.0085315 0.0066195 0.0051854 0.1477629 0.0037550 0.0061320 0.0056554 0.0042277 0.0047055 0.1455943 0.0047054 0.0061314 0.0056551 0.0061313 0.0051802 0.0047067 0.0085455 0.0090270 0.0090276 0.0051800 0.0056551 0.0051750 0.0051852 
PV218888_1_Influenza_A_virus_A_cattle_CA_25_000603_001_original_2025_H5N1_segment_3_polymerase_PA_PA_and_PA_X_protein_PA_X_genes_complete_cds           0.0056414 0.0032785 0.0046938 0.0056432 0.0042213 0.0046940 0.0046941 0.0046938 0.1535304 0.0000000 0.0032786 0.0037499 0.0023380 0.0018690 0.1500097 0.1470734 0.1470516 0.0279469 0.1485630 0.1455200 0.1502440 0.1507753 0.1468536 0.0274360 0.1454040 0.1475729 0.1482967 0.1483534 0.1475865 0.1469343 0.1510201 0.1517490 0.1517609 0.1475763 0.1482967 0.1492201 0.1477810 
PV218896_1_Influenza_A_virus_A_cattle_CA_25_000605_001_original_2025_H5N1_segment_3_polymerase_PA_PA_and_PA_X_protein_PA_X_genes_complete_cds           0.0042211 0.0018690 0.0032779 0.0042224 0.0028075 0.0032781 0.0032781 0.0032779 0.1513137 0.0032786 0.0000000 0.0023382 0.0018688 0.0014006 0.1478197 0.1448994 0.1448780 0.0264103 0.1463803 0.1433557 0.1480490 0.1485810 0.1446837 0.0259028 0.1432415 0.1453993 0.1461194 0.1461745 0.1454127 0.1447625 0.1488207 0.1495459 0.1495576 0.1454026 0.1461194 0.1470355 0.1456036 
PV218904_1_Influenza_A_virus_A_cattle_CA_25_001132_001_original_2025_H5N1_segment_3_polymerase_PA_PA_and_PA_X_protein_PA_X_genes_complete_cds           0.0046938 0.0023381 0.0037492 0.0046953 0.0032781 0.0037493 0.0037494 0.0037491 0.1520503 0.0037499 0.0023382 0.0000000 0.0023379 0.0018689 0.1500162 0.1456218 0.1456002 0.0269216 0.1471056 0.1440746 0.1487784 0.1493101 0.1454047 0.0264134 0.1439598 0.1461215 0.1468429 0.1468986 0.1461349 0.1454841 0.1495515 0.1502780 0.1502898 0.1461248 0.1468429 0.1477614 0.1463271 
PV218920_1_Influenza_A_virus_A_cattle_CA_25_001525_001_original_2025_H5N1_segment_3_polymerase_PA_PA_and_PA_X_protein_PA_X_genes_complete_cds           0.0042206 0.0018688 0.0032776 0.0042220 0.0028072 0.0032777 0.0032778 0.0032775 0.1527681 0.0023380 0.0018688 0.0023379 0.0000000 0.0004658 0.1492569 0.1463264 0.1463048 0.0264073 0.1478129 0.1447765 0.1494895 0.1500210 0.1461080 0.0258999 0.1446612 0.1468260 0.1475485 0.1476047 0.1468396 0.1461881 0.1502640 0.1509916 0.1510034 0.1468294 0.1475485 0.1484693 0.1470328 
PV218928_1_Influenza_A_virus_A_cattle_CA_25_001525_002_original_2025_H5N1_segment_3_polymerase_PA_PA_and_PA_X_protein_PA_X_genes_complete_cds           0.0037488 0.0014005 0.0028072 0.0037500 0.0023376 0.0028074 0.0028074 0.0028072 0.1520326 0.0018690 0.0014006 0.0018689 0.0004658 0.0000000 0.1485302 0.1456050 0.1455835 0.0258981 0.1470886 0.1440581 0.1487611 0.1492929 0.1453880 0.0253913 0.1439433 0.1461047 0.1468260 0.1468817 0.1461181 0.1454674 0.1495342 0.1502605 0.1502723 0.1461080 0.1468260 0.1477444 0.1463102 
PV792036_1_Influenza_A_virus_A_Duck_NY_25_012798_007_original_repeat_2025_H5N1_segment_3_polymerase_PA_PA_and_PA_X_protein_PA_X_genes_complete_cds      0.1514443 0.1478082 0.1500101 0.1484294 0.1492465 0.1499827 0.1499883 0.1499709 0.0085315 0.1500097 0.1478197 0.1500162 0.1492569 0.1485302 0.0000000 0.0066043 0.0051736 0.1443253 0.0066000 0.0061180 0.0066057 0.0080334 0.0046948 0.1421821 0.0046947 0.0061174 0.0056422 0.0061173 0.0051684 0.0046960 0.0085257 0.0090061 0.0090067 0.0051682 0.0056422 0.0061229 0.0051734 
PV336651_1_Influenza_A_virus_A_Common_Raven_CA_25_003340_001_original_2025_H5N1_segment_3_polymerase_PA_PA_and_PA_X_protein_PA_X_genes_complete_cds     0.1484981 0.1448881 0.1470738 0.1455073 0.1463163 0.1470470 0.1455949 0.1470355 0.0066195 0.1470734 0.1448994 0.1456218 0.1463264 0.1456050 0.0066043 0.0000000 0.0032844 0.1430364 0.0047030 0.0042254 0.0047070 0.0061284 0.0028101 0.1408978 0.0028101 0.0042250 0.0037525 0.0042249 0.0032811 0.0028109 0.0066151 0.0070929 0.0070933 0.0032810 0.0037525 0.0042288 0.0032843 
PV218192_1_Influenza_A_virus_A_Bald_Eagle_IA_25_001479_001_original_2025_H5N1_segment_3_polymerase_PA_PA_and_PA_X_protein_PA_X_genes_complete_cds       0.1484760 0.1456470 0.1470520 0.1454858 0.1462946 0.1470252 0.1455734 0.1470137 0.0051854 0.1470516 0.1448780 0.1456002 0.1463048 0.1455835 0.0051736 0.0032844 0.0000000 0.1414215 0.0032822 0.0028085 0.0032850 0.0047001 0.0014009 0.1392940 0.0014009 0.0028083 0.0023383 0.0028082 0.0018694 0.0014012 0.0051819 0.0056572 0.0056576 0.0018693 0.0023383 0.0028108 0.0018711 
PV218200_1_Influenza_A_virus_A_Bald_Eagle_IA_25_001479_002_original_2025_H5N1_segment_3_polymerase_PA_PA_and_PA_X_protein_PA_X_genes_complete_cds       0.0289689 0.0264096 0.0279412 0.0289795 0.0274285 0.0279426 0.0269178 0.0279408 0.1477629 0.0279469 0.0264103 0.0269216 0.0264073 0.0258981 0.1443253 0.1430364 0.1414215 0.0000000 0.1429035 0.1393079 0.1445459 0.1450768 0.1412337 0.0032781 0.1398092 0.1419403 0.1426523 0.1433727 0.1419533 0.1413092 0.1460877 0.1468058 0.1468173 0.1419435 0.1426523 0.1435530 0.1421377 
PV218208_1_Influenza_A_virus_A_Canada_Goose_IL_25_000616_002_original_2025_H5N1_segment_3_polymerase_PA_PA_and_PA_X_protein_PA_X_genes_complete_cds     0.1499931 0.1463689 0.1485634 0.1469893 0.1478026 0.1485363 0.1470784 0.1485247 0.0037550 0.1485630 0.1463803 0.1471056 0.1478129 0.1470886 0.0066000 0.0047030 0.0032822 0.1429035 0.0000000 0.0042226 0.0047039 0.0032760 0.0028083 0.1407676 0.0028083 0.0042222 0.0037500 0.0042222 0.0032790 0.0028090 0.0066107 0.0070882 0.0070887 0.0032788 0.0037500 0.0042260 0.0032821 
PV218224_1_Influenza_A_virus_A_Canada_Goose_IL_25_000616_004_original_2025_H5N1_segment_3_polymerase_PA_PA_and_PA_X_protein_PA_X_genes_complete_cds     0.1469384 0.1433446 0.1455204 0.1445804 0.1447665 0.1454939 0.1440481 0.1454826 0.0061320 0.1455200 0.1433557 0.1440746 0.1447765 0.1440581 0.0061180 0.0042254 0.0028085 0.1393079 0.0042226 0.0000000 0.0042262 0.0056436 0.0023363 0.1371920 0.0023362 0.0037467 0.0032757 0.0037466 0.0028058 0.0023369 0.0061279 0.0066042 0.0066046 0.0028056 0.0032757 0.0037500 0.0028085 
PV218232_1_Influenza_A_virus_A_Canada_Goose_IL_25_000616_005_original_2025_H5N1_segment_3_polymerase_PA_PA_and_PA_X_protein_PA_X_genes_complete_cds     0.1516819 0.1480374 0.1502443 0.1486599 0.1494790 0.1502168 0.1487507 0.1502051 0.0056554 0.1502440 0.1480490 0.1487784 0.1494895 0.1487611 0.0066057 0.0047070 0.0032850 0.1445459 0.0047039 0.0042262 0.0000000 0.0061296 0.0028107 0.1423980 0.0028106 0.0042258 0.0037532 0.0042257 0.0032818 0.0028114 0.0047059 0.0051803 0.0051806 0.0032816 0.0037532 0.0032785 0.0032849 
PV218248_1_Influenza_A_virus_A_Canada_Goose_IL_25_000616_007_original_2025_H5N1_segment_3_polymerase_PA_PA_and_PA_X_protein_PA_X_genes_complete_cds     0.1522127 0.1485694 0.1507757 0.1491912 0.1500105 0.1507481 0.1492824 0.1507363 0.0042277 0.1507753 0.1485810 0.1493101 0.1500210 0.1492929 0.0080334 0.0061284 0.0047001 0.1450768 0.0032760 0.0056436 0.0061296 0.0000000 0.0042224 0.1429296 0.0042224 0.0056430 0.0051685 0.0056429 0.0046954 0.0042235 0.0080466 0.0085263 0.0085268 0.0046952 0.0051685 0.0056481 0.0046999 
PV218264_1_Influenza_A_virus_A_Canada_Goose_IL_25_000616_010_original_2025_H5N1_segment_3_polymerase_PA_PA_and_PA_X_protein_PA_X_genes_complete_cds     0.1482756 0.1446724 0.1468541 0.1452906 0.1460979 0.1468273 0.1453780 0.1468159 0.0047055 0.1468536 0.1446837 0.1454047 0.1461080 0.1453880 0.0046948 0.0028101 0.0014009 0.1412337 0.0028083 0.0023363 0.0028107 0.0042224 0.0000000 0.1391096 0.0009316 0.0023361 0.0018673 0.0023360 0.0013995 0.0009319 0.0047023 0.0051764 0.0051767 0.0013995 0.0018673 0.0023381 0.0014009 
PV218272_1_Influenza_A_virus_A_Canada_Goose_IL_25_000616_011_original_2025_H5N1_segment_3_polymerase_PA_PA_and_PA_X_protein_PA_X_genes_complete_cds     0.0284575 0.0259021 0.0274305 0.0284679 0.0269197 0.0274318 0.0264096 0.0274300 0.1455943 0.0274360 0.0259028 0.0264134 0.0258999 0.0253913 0.1421821 0.1408978 0.1392940 0.0032781 0.1407676 0.1371920 0.1423980 0.1429296 0.1391096 0.0000000 0.1376927 0.1398137 0.1405216 0.1412383 0.1398264 0.1391834 0.1439304 0.1446450 0.1446562 0.1398168 0.1405216 0.1414152 0.1400073 
PV218280_1_Influenza_A_virus_A_Crane_VA_25_001494_001_original_2025_H5N1_segment_3_polymerase_PA_PA_and_PA_X_protein_PA_X_genes_complete_cds            0.1468213 0.1432304 0.1454044 0.1438474 0.1446512 0.1453780 0.1439334 0.1453667 0.0047054 0.1454040 0.1432415 0.1439598 0.1446612 0.1439433 0.0046947 0.0028101 0.0014009 0.1398092 0.0028083 0.0023362 0.0028106 0.0042224 0.0009316 0.1376927 0.0000000 0.0023360 0.0018673 0.0023360 0.0013995 0.0009318 0.0047023 0.0051763 0.0051767 0.0013994 0.0018673 0.0023381 0.0014008 
PV218288_1_Influenza_A_virus_A_Duck_IL_25_000617_002_original_2025_H5N1_segment_3_polymerase_PA_PA_and_PA_X_protein_PA_X_genes_complete_cds             0.1489971 0.1453880 0.1475733 0.1460065 0.1468159 0.1475464 0.1460946 0.1475349 0.0061314 0.1475729 0.1453993 0.1461215 0.1468260 0.1461047 0.0061174 0.0042250 0.0028083 0.1419403 0.0042222 0.0037467 0.0042258 0.0056430 0.0023361 0.1398137 0.0023360 0.0000000 0.0004654 0.0037463 0.0028055 0.0023366 0.0061273 0.0066036 0.0066040 0.0009315 0.0013993 0.0018690 0.0028082 
PV218296_1_Influenza_A_virus_A_Duck_IL_25_000618_002_original_2025_H5N1_segment_3_polymerase_PA_PA_and_PA_X_protein_PA_X_genes_complete_cds             0.1497233 0.1461080 0.1482971 0.1467272 0.1475383 0.1482701 0.1468159 0.1482585 0.0056551 0.1482967 0.1461194 0.1468429 0.1475485 0.1468260 0.0056422 0.0037525 0.0023383 0.1426523 0.0037500 0.0032757 0.0037532 0.0051685 0.0018673 0.1405216 0.0018673 0.0004654 0.0000000 0.0032753 0.0023360 0.0018678 0.0056513 0.0061268 0.0061272 0.0004654 0.0009315 0.0014006 0.0023382 
PV218320_1_Influenza_A_virus_A_Great_Horned_Owl_IA_25_000440_001_original_2025_H5N1_segment_3_polymerase_PA_PA_and_PA_X_protein_PA_X_genes_complete_cds 0.1497810 0.1461632 0.1483538 0.1467827 0.1475944 0.1483267 0.1468715 0.1483152 0.0061313 0.1483534 0.1461745 0.1468986 0.1476047 0.1468817 0.0061173 0.0042249 0.0028082 0.1433727 0.0042222 0.0037466 0.0042257 0.0056429 0.0023360 0.1412383 0.0023360 0.0037463 0.0032753 0.0000000 0.0028055 0.0023366 0.0061272 0.0066034 0.0066038 0.0028053 0.0032753 0.0037496 0.0028081 
PV218328_1_Influenza_A_virus_A_Guineafowl_TN_25_001531_002_original_2025_H5N1_segment_3_polymerase_PA_PA_and_PA_X_protein_PA_X_genes_complete_cds       0.1490109 0.1454014 0.1475869 0.1460199 0.1468294 0.1475600 0.1461080 0.1475485 0.0051802 0.1475865 0.1454127 0.1461349 0.1468396 0.1461181 0.0051684 0.0032811 0.0018694 0.1419533 0.0032790 0.0028058 0.0032818 0.0046954 0.0013995 0.1398264 0.0013995 0.0028055 0.0023360 0.0028055 0.0000000 0.0013999 0.0051768 0.0056516 0.0056519 0.0018674 0.0023360 0.0028080 0.0018693 
PV218368_1_Influenza_A_virus_A_Turkey_MN_25_001440_001_original_2025_H5N1_segment_3_polymerase_PA_PA_and_PA_X_protein_PA_X_genes_complete_cds           0.1483576 0.1447512 0.1469347 0.1453699 0.1461779 0.1469079 0.1454573 0.1468965 0.0047067 0.1469343 0.1447625 0.1454841 0.1461881 0.1454674 0.0046960 0.0028109 0.0014012 0.1413092 0.0028090 0.0023369 0.0028114 0.0042235 0.0009319 0.1391834 0.0009318 0.0023366 0.0018678 0.0023366 0.0013999 0.0000000 0.0047035 0.0051778 0.0051781 0.0013998 0.0018678 0.0023387 0.0014012 
PV218384_1_Influenza_A_virus_A_Turkey_OH_25_001054_002_original_2025_H5N1_segment_3_polymerase_PA_PA_and_PA_X_protein_PA_X_genes_complete_cds           0.1524609 0.1488090 0.1510205 0.1494321 0.1502535 0.1509928 0.1495237 0.1509810 0.0085455 0.1510201 0.1488207 0.1495515 0.1502640 0.1495342 0.0085257 0.0066151 0.0051819 0.1460877 0.0066107 0.0061279 0.0047059 0.0080466 0.0047023 0.1439304 0.0047023 0.0061273 0.0056513 0.0061272 0.0051768 0.0047035 0.0000000 0.0004655 0.0004655 0.0051765 0.0056513 0.0061328 0.0051817 
PV218392_1_Influenza_A_virus_A_Turkey_OH_25_001057_001_original_2025_H5N1_segment_3_polymerase_PA_PA_and_PA_X_protein_PA_X_genes_complete_cds           0.1531921 0.1495342 0.1517494 0.1501577 0.1509810 0.1517216 0.1502500 0.1517097 0.0090270 0.1517490 0.1495459 0.1502780 0.1509916 0.1502605 0.0090061 0.0070929 0.0056572 0.1468058 0.0070882 0.0066042 0.0051803 0.0085263 0.0051764 0.1446450 0.0051763 0.0066036 0.0061268 0.0066034 0.0056516 0.0051778 0.0004655 0.0000000 0.0009317 0.0056513 0.0061268 0.0066096 0.0056570 
PV218480_1_Influenza_A_virus_A_Turkey_OH_25_001337_001_original_2025_H5N1_segment_3_polymerase_PA_PA_and_PA_X_protein_PA_X_genes_complete_cds           0.1532041 0.1495459 0.1517613 0.1501694 0.1509928 0.1517335 0.1502618 0.1517216 0.0090276 0.1517609 0.1495576 0.1502898 0.1510034 0.1502723 0.0090067 0.0070933 0.0056576 0.1468173 0.0070887 0.0066046 0.0051806 0.0085268 0.0051767 0.1446562 0.0051767 0.0066040 0.0061272 0.0066038 0.0056519 0.0051781 0.0004655 0.0009317 0.0000000 0.0056516 0.0061272 0.0066100 0.0056574 
PV218544_1_Influenza_A_virus_A_Wood_Duck_IL_25_001096_001_original_2025_H5N1_segment_3_polymerase_PA_PA_and_PA_X_protein_PA_X_genes_complete_cds        0.1490006 0.1453913 0.1475767 0.1460098 0.1468192 0.1475498 0.1460979 0.1475383 0.0051800 0.1475763 0.1454026 0.1461248 0.1468294 0.1461080 0.0051682 0.0032810 0.0018693 0.1419435 0.0032788 0.0028056 0.0032816 0.0046952 0.0013995 0.1398168 0.0013994 0.0009315 0.0004654 0.0028053 0.0018674 0.0013998 0.0051765 0.0056513 0.0056516 0.0000000 0.0004654 0.0009324 0.0018692 
PV219160_1_Influenza_A_virus_A_goose_IL_25_001560_004_original_2025_H5N1_segment_3_polymerase_PA_PA_and_PA_X_protein_PA_X_genes_complete_cds            0.1497233 0.1461080 0.1482971 0.1467272 0.1475383 0.1482701 0.1468159 0.1482585 0.0056551 0.1482967 0.1461194 0.1468429 0.1475485 0.1468260 0.0056422 0.0037525 0.0023383 0.1426523 0.0037500 0.0032757 0.0037532 0.0051685 0.0018673 0.1405216 0.0018673 0.0013993 0.0009315 0.0032753 0.0023360 0.0018678 0.0056513 0.0061268 0.0061272 0.0004654 0.0000000 0.0004658 0.0023382 
PV219168_1_Influenza_A_virus_A_goose_IL_25_001560_005_original_2025_H5N1_segment_3_polymerase_PA_PA_and_PA_X_protein_PA_X_genes_complete_cds            0.1506514 0.1470241 0.1492205 0.1476445 0.1484590 0.1491933 0.1477341 0.1491816 0.0051750 0.1492201 0.1470355 0.1477614 0.1484693 0.1477444 0.0061229 0.0042288 0.0028108 0.1435530 0.0042260 0.0037500 0.0032785 0.0056481 0.0023381 0.1414152 0.0023381 0.0018690 0.0014006 0.0037496 0.0028080 0.0023387 0.0061328 0.0066096 0.0066100 0.0009324 0.0004658 0.0000000 0.0028107 
PV219184_1_Influenza_A_virus_A_goose_MD_25_001223_001_original_2025_H5N1_segment_3_polymerase_PA_PA_and_PA_X_protein_PA_X_genes_complete_cds            0.1492078 0.1455922 0.1477814 0.1462117 0.1470226 0.1477544 0.1463001 0.1477429 0.0051852 0.1477810 0.1456036 0.1463271 0.1470328 0.1463102 0.0051734 0.0032843 0.0018711 0.1421377 0.0032821 0.0028085 0.0032849 0.0046999 0.0014009 0.1400073 0.0014008 0.0028082 0.0023382 0.0028081 0.0018693 0.0014012 0.0051817 0.0056570 0.0056574 0.0018692 0.0023382 0.0028107 0.0000000 
