22
PV792032_1_Influenza_A_virus_A_cattle_ID_25_012907_001_original_2025_H5N1_segment_7_matrix_protein_2_M2_and_matrix_protein_1_M1_genes_complete_cds       0.0000000 0.0013288 0.0013290 0.0260483 0.0026698 0.0013307 0.0013290 0.0276614 0.0292466 0.0244961 0.0260939 0.0276619 0.0260483 0.0260954 0.0280384 0.0277209 0.0260939 0.0277125 0.0277105 0.0260939 0.0277125 0.0260483 
PV792400_1_Influenza_A_virus_A_cattle_ID_25_012902_001_original_2025_H5N1_segment_7_matrix_protein_2_M2_and_matrix_protein_1_M1_genes_complete_cds       0.0013288 0.0000000 0.0026702 0.0244929 0.0040215 0.0026737 0.0026702 0.0260892 0.0276614 0.0229535 0.0245350 0.0260904 0.0244929 0.0245364 0.0264455 0.0261450 0.0245350 0.0261377 0.0261350 0.0245350 0.0261377 0.0244929 
PV792536_1_Influenza_A_virus_A_cattle_ID_25_012952_001_original_2025_H5N1_segment_7_matrix_protein_2_M2_and_matrix_protein_1_M1_genes_complete_cds       0.0013290 0.0026702 0.0000000 0.0244961 0.0040221 0.0026740 0.0026705 0.0260927 0.0276651 0.0229565 0.0245383 0.0260939 0.0244961 0.0245397 0.0264490 0.0261484 0.0245383 0.0261412 0.0261385 0.0245383 0.0261412 0.0244961 
PV520594_1_Influenza_A_virus_A_cattle_Nevada_NV_7_2025_H5N1_segment_7_matrix_protein_2_M2_and_matrix_protein_1_M1_genes_complete_cds                     0.0260483 0.0244929 0.0244961 0.0000000 0.0291902 0.0276619 0.0276167 0.0040224 0.0053866 0.0013276 0.0026713 0.0040239 0.0026675 0.0026715 0.0040784 0.0040300 0.0026713 0.0040300 0.0040283 0.0026713 0.0040300 0.0026675 
PV218900_1_Influenza_A_virus_A_cattle_CA_25_000605_001_original_2025_H5N1_segment_7_matrix_protein_2_M2_and_matrix_protein_1_M1_genes_complete_cds       0.0026698 0.0040215 0.0040221 0.0291902 0.0000000 0.0040274 0.0040221 0.0308368 0.0324477 0.0276130 0.0292423 0.0308354 0.0291902 0.0292441 0.0312549 0.0309029 0.0292423 0.0308920 0.0308916 0.0292423 0.0308920 0.0291902 
PV218908_1_Influenza_A_virus_A_cattle_CA_25_001132_001_original_2025_H5N1_segment_7_matrix_protein_2_M2_and_matrix_protein_1_M1_genes_complete_cds       0.0013307 0.0026737 0.0026740 0.0276619 0.0040274 0.0000000 0.0026740 0.0292951 0.0308957 0.0260939 0.0277109 0.0292947 0.0276619 0.0277125 0.0296944 0.0293586 0.0277109 0.0293490 0.0293477 0.0244947 0.0293490 0.0276619 
PV218924_1_Influenza_A_virus_A_cattle_CA_25_001525_001_original_2025_H5N1_segment_7_matrix_protein_2_M2_and_matrix_protein_1_M1_genes_complete_cds       0.0013290 0.0026702 0.0026705 0.0276167 0.0040221 0.0026740 0.0000000 0.0292466 0.0308449 0.0260517 0.0276656 0.0292462 0.0276167 0.0276672 0.0296445 0.0294695 0.0276656 0.0293003 0.0292990 0.0276656 0.0293003 0.0276167 
PV792040_1_Influenza_A_virus_A_Duck_NY_25_012798_007_original_repeat_2025_H5N1_segment_7_matrix_protein_2_M2_and_matrix_protein_1_M1_genes_complete_cds  0.0276614 0.0260892 0.0260927 0.0040224 0.0308368 0.0292951 0.0292466 0.0000000 0.0013270 0.0026703 0.0040283 0.0053939 0.0040224 0.0040285 0.0054668 0.0054022 0.0040283 0.0054022 0.0053999 0.0040283 0.0054022 0.0040224 
PV792048_1_Influenza_A_virus_A_Duck_NY_25_013275_004_original_2025_H5N1_segment_7_matrix_protein_2_M2_and_matrix_protein_1_M1_genes_complete_cds         0.0292466 0.0276614 0.0276651 0.0053866 0.0324477 0.0308957 0.0308449 0.0013270 0.0000000 0.0040229 0.0053946 0.0067718 0.0053866 0.0053948 0.0068634 0.0067825 0.0053946 0.0067823 0.0067797 0.0053946 0.0067823 0.0053866 
PV336655_1_Influenza_A_virus_A_Common_Raven_CA_25_003340_001_original_2025_H5N1_segment_7_matrix_protein_2_M2_and_matrix_protein_1_M1_genes_complete_cds 0.0244961 0.0229535 0.0229565 0.0013276 0.0276130 0.0260939 0.0260517 0.0026703 0.0040229 0.0000000 0.0013295 0.0026713 0.0013276 0.0013296 0.0027075 0.0026753 0.0013295 0.0026753 0.0026741 0.0013295 0.0026753 0.0013276 
PV218196_1_Influenza_A_virus_A_Bald_Eagle_IA_25_001479_001_original_2025_H5N1_segment_7_matrix_protein_2_M2_and_matrix_protein_1_M1_genes_complete_cds   0.0260939 0.0245350 0.0245383 0.0026713 0.0292423 0.0277109 0.0276656 0.0040283 0.0053946 0.0013295 0.0000000 0.0040298 0.0026713 0.0026753 0.0040844 0.0013295 0.0026752 0.0013295 0.0013289 0.0026752 0.0013295 0.0026713 
PV218204_1_Influenza_A_virus_A_Bald_Eagle_IA_25_001479_002_original_2025_H5N1_segment_7_matrix_protein_2_M2_and_matrix_protein_1_M1_genes_complete_cds   0.0276619 0.0260904 0.0260939 0.0040239 0.0308354 0.0292947 0.0292462 0.0053939 0.0067718 0.0026713 0.0040298 0.0000000 0.0040239 0.0040300 0.0054689 0.0054042 0.0013275 0.0054041 0.0054019 0.0040298 0.0054041 0.0013294 
PV218228_1_Influenza_A_virus_A_Canada_Goose_IL_25_000616_004_original_2025_H5N1_segment_7_matrix_protein_2_M2_and_matrix_protein_1_M1_genes_complete_cds 0.0260483 0.0244929 0.0244961 0.0026675 0.0291902 0.0276619 0.0276167 0.0040224 0.0053866 0.0013276 0.0026713 0.0040239 0.0000000 0.0026715 0.0040784 0.0040300 0.0026713 0.0040300 0.0040283 0.0026713 0.0040300 0.0026675 
PV218236_1_Influenza_A_virus_A_Canada_Goose_IL_25_000616_005_original_2025_H5N1_segment_7_matrix_protein_2_M2_and_matrix_protein_1_M1_genes_complete_cds 0.0260954 0.0245364 0.0245397 0.0026715 0.0292441 0.0277125 0.0276672 0.0040285 0.0053948 0.0013296 0.0026753 0.0040300 0.0026715 0.0000000 0.0040846 0.0040361 0.0026753 0.0040361 0.0040344 0.0026753 0.0040361 0.0026715 
PV218252_1_Influenza_A_virus_A_Canada_Goose_IL_25_000616_007_original_2025_H5N1_segment_7_matrix_protein_2_M2_and_matrix_protein_1_M1_genes_complete_cds 0.0280384 0.0264455 0.0264490 0.0040784 0.0312549 0.0296944 0.0296445 0.0054668 0.0068634 0.0027075 0.0040844 0.0054689 0.0040784 0.0040846 0.0000000 0.0054774 0.0040844 0.0054774 0.0054751 0.0040844 0.0054774 0.0040784 
PV218268_1_Influenza_A_virus_A_Canada_Goose_IL_25_000616_010_original_2025_H5N1_segment_7_matrix_protein_2_M2_and_matrix_protein_1_M1_genes_complete_cds 0.0277209 0.0261450 0.0261484 0.0040300 0.0309029 0.0293586 0.0294695 0.0054022 0.0067825 0.0026753 0.0013295 0.0054042 0.0040300 0.0040361 0.0054774 0.0000000 0.0040359 0.0026753 0.0026741 0.0040359 0.0026753 0.0040300 
PV218276_1_Influenza_A_virus_A_Canada_Goose_IL_25_000616_011_original_2025_H5N1_segment_7_matrix_protein_2_M2_and_matrix_protein_1_M1_genes_complete_cds 0.0260939 0.0245350 0.0245383 0.0026713 0.0292423 0.0277109 0.0276656 0.0040283 0.0053946 0.0013295 0.0026752 0.0013275 0.0026713 0.0026753 0.0040844 0.0040359 0.0000000 0.0040359 0.0040342 0.0026752 0.0040359 0.0026713 
PV218284_1_Influenza_A_virus_A_Crane_VA_25_001494_001_original_2025_H5N1_segment_7_matrix_protein_2_M2_and_matrix_protein_1_M1_genes_complete_cds        0.0277125 0.0261377 0.0261412 0.0040300 0.0308920 0.0293490 0.0293003 0.0054022 0.0067823 0.0026753 0.0013295 0.0054041 0.0040300 0.0040361 0.0054774 0.0026753 0.0040359 0.0000000 0.0026741 0.0040359 0.0026753 0.0040300 
PV218292_1_Influenza_A_virus_A_Duck_IL_25_000617_002_original_2025_H5N1_segment_7_matrix_protein_2_M2_and_matrix_protein_1_M1_genes_complete_cds         0.0277105 0.0261350 0.0261385 0.0040283 0.0308916 0.0293477 0.0292990 0.0053999 0.0067797 0.0026741 0.0013289 0.0054019 0.0040283 0.0040344 0.0054751 0.0026741 0.0040342 0.0026741 0.0000000 0.0040342 0.0026741 0.0040283 
PV218332_1_Influenza_A_virus_A_Guineafowl_TN_25_001531_002_original_2025_H5N1_segment_7_matrix_protein_2_M2_and_matrix_protein_1_M1_genes_complete_cds   0.0260939 0.0245350 0.0245383 0.0026713 0.0292423 0.0244947 0.0276656 0.0040283 0.0053946 0.0013295 0.0026752 0.0040298 0.0026713 0.0026753 0.0040844 0.0040359 0.0026752 0.0040359 0.0040342 0.0000000 0.0040359 0.0026713 
PV218372_1_Influenza_A_virus_A_Turkey_MN_25_001440_001_original_2025_H5N1_segment_7_matrix_protein_2_M2_and_matrix_protein_1_M1_genes_complete_cds       0.0277125 0.0261377 0.0261412 0.0040300 0.0308920 0.0293490 0.0293003 0.0054022 0.0067823 0.0026753 0.0013295 0.0054041 0.0040300 0.0040361 0.0054774 0.0026753 0.0040359 0.0026753 0.0026741 0.0040359 0.0000000 0.0040300 
PV218540_1_Influenza_A_virus_A_Turkey_OH_25_001341_002_original_2025_H5N1_segment_7_matrix_protein_2_M2_and_matrix_protein_1_M1_genes_complete_cds       0.0260483 0.0244929 0.0244961 0.0026675 0.0291902 0.0276619 0.0276167 0.0040224 0.0053866 0.0013276 0.0026713 0.0013294 0.0026675 0.0026715 0.0040784 0.0040300 0.0026713 0.0040300 0.0040283 0.0026713 0.0040300 0.0000000 
