35
PV792031_1_Influenza_A_virus_A_cattle_ID_25_012907_001_original_2025_H5N1_segment_6_neuraminidase_NA_gene_complete_cds           0.0000000 0.0035739 0.0035711 0.0028536 0.0035706 0.0014236 0.2254427 0.2240938 0.0028540 0.0028536 0.0035714 0.0028540 0.0035714 0.2213381 0.2227020 0.2204721 0.2237975 0.0382841 0.2244888 0.2225129 0.0374651 0.2211689 0.2229490 0.0374726 0.2190447 0.2190168 0.2242765 0.2267501 0.2237408 0.0399374 0.0415674 0.0407547 0.0407547 0.2203671 0.2227459 
PV792279_1_Influenza_A_virus_A_cattle_CA_25_012917_001_original_2025_H5N1_segment_6_neuraminidase_NA_gene_complete_cds           0.0035739 0.0000000 0.0057383 0.0050152 0.0057375 0.0050148 0.2210178 0.2196817 0.0021399 0.0021396 0.0028564 0.0021399 0.0028564 0.2169518 0.2183028 0.2161200 0.2194321 0.0375139 0.2201010 0.2181571 0.0366960 0.2168260 0.2185763 0.0367034 0.2147069 0.2146800 0.2198929 0.2223136 0.2193771 0.0391648 0.0407929 0.0399811 0.0399811 0.2160176 0.2183860 
PV792399_1_Influenza_A_virus_A_cattle_ID_25_012902_001_original_2025_H5N1_segment_6_neuraminidase_NA_gene_complete_cds           0.0035711 0.0057383 0.0000000 0.0007111 0.0014236 0.0050109 0.2214197 0.2200788 0.0050119 0.0050112 0.0057342 0.0050119 0.0057342 0.2173393 0.2186950 0.2165023 0.2198244 0.0407286 0.2204971 0.2185451 0.0399030 0.2172094 0.2189669 0.0399111 0.2150842 0.2161778 0.2202881 0.2227201 0.2197692 0.0423960 0.0440376 0.0432193 0.0432193 0.2175217 0.2187750 
PV792407_1_Influenza_A_virus_A_cattle_ID_25_012902_002_original_2025_H5N1_segment_6_neuraminidase_NA_gene_complete_cds           0.0028536 0.0050152 0.0007111 0.0000000 0.0007110 0.0042901 0.2227633 0.2214197 0.0042909 0.0042903 0.0050116 0.0042909 0.0050116 0.2186744 0.2200329 0.2178278 0.2211514 0.0399120 0.2218303 0.2198700 0.0390886 0.2185314 0.2202966 0.0390965 0.2164064 0.2175013 0.2216202 0.2240653 0.2210957 0.0415747 0.0432124 0.0423960 0.0423960 0.2188480 0.2201010 
PV792495_1_Influenza_A_virus_A_cattle_ID_25_012906_001_original_2025_H5N1_segment_6_neuraminidase_NA_gene_complete_cds           0.0035706 0.0057375 0.0014236 0.0007110 0.0000000 0.0050102 0.2240726 0.2227275 0.0050112 0.0050105 0.0057334 0.0050112 0.0057334 0.2199770 0.2213381 0.2191211 0.2224456 0.0407222 0.2231294 0.2211624 0.0398968 0.2198213 0.2215936 0.0399048 0.2176970 0.2187929 0.2229192 0.2253776 0.2223894 0.0423893 0.0440306 0.0432124 0.0432124 0.2201420 0.2213943 
PV792535_1_Influenza_A_virus_A_cattle_ID_25_012952_001_original_2025_H5N1_segment_6_neuraminidase_NA_gene_complete_cds           0.0014236 0.0050148 0.0050109 0.0042901 0.0050102 0.0000000 0.2254427 0.2240938 0.0042906 0.0042900 0.0050112 0.0042906 0.0050112 0.2213381 0.2227020 0.2204721 0.2237975 0.0399085 0.2244888 0.2225129 0.0390852 0.2211689 0.2229490 0.0390931 0.2190447 0.2190168 0.2242765 0.2267501 0.2237408 0.0415710 0.0432086 0.0423922 0.0423922 0.2203671 0.2227459 
PV520592_1_Influenza_A_virus_A_cattle_Nevada_NV_7_2025_H5N1_segment_6_neuraminidase_NA_gene_complete_cds                         0.2254427 0.2210178 0.2214197 0.2227633 0.2240726 0.2254427 0.0000000 0.0007126 0.2228054 0.2200820 0.2187406 0.2200996 0.2214407 0.0101706 0.0109101 0.0050427 0.0086799 0.2193628 0.0057697 0.0079591 0.2191010 0.0043114 0.0064927 0.2206612 0.0094176 0.0094171 0.0072223 0.0087120 0.0072161 0.2277275 0.2250047 0.2263737 0.2291055 0.0086830 0.0072188 
PV520604_1_Influenza_A_virus_A_cattle_Nevada_WD_210_2025_H5N1_segment_6_neuraminidase_NA_gene_complete_cds                       0.2240938 0.2196817 0.2200788 0.2214197 0.2227275 0.2240938 0.0007126 0.0000000 0.2214616 0.2187437 0.2174050 0.2187613 0.2200996 0.0094335 0.0101712 0.0043175 0.0079477 0.2180319 0.0050429 0.0072274 0.2177714 0.0035889 0.0057649 0.2193281 0.0086834 0.0086830 0.0064928 0.0079771 0.0064872 0.2263737 0.2236566 0.2250223 0.2277491 0.0079505 0.0064896 
PV218891_1_Influenza_A_virus_A_cattle_CA_25_000603_001_original_2025_H5N1_segment_6_neuraminidase_NA_gene_complete_cds           0.0028540 0.0021399 0.0050119 0.0042909 0.0050112 0.0042906 0.2228054 0.2214616 0.0000000 0.0014239 0.0021384 0.0014241 0.0021384 0.2187157 0.2200745 0.2178687 0.2211928 0.0366756 0.2218720 0.2199112 0.0358606 0.2185723 0.2203380 0.0358678 0.2164469 0.2164196 0.2216618 0.2241077 0.2211371 0.0383202 0.0399429 0.0391337 0.0391337 0.2177650 0.2201422 
PV218899_1_Influenza_A_virus_A_cattle_CA_25_000605_001_original_2025_H5N1_segment_6_neuraminidase_NA_gene_complete_cds           0.0028536 0.0021396 0.0050112 0.0042903 0.0050105 0.0042900 0.2200820 0.2187437 0.0014239 0.0000000 0.0021381 0.0014239 0.0021381 0.2160098 0.2173627 0.2151824 0.2185030 0.0366699 0.2191696 0.2172257 0.0358550 0.2158926 0.2176428 0.0358622 0.2137672 0.2137406 0.2189617 0.2213802 0.2184482 0.0383142 0.0399367 0.0391276 0.0391276 0.2150801 0.2174545 
PV218907_1_Influenza_A_virus_A_cattle_CA_25_001132_001_original_2025_H5N1_segment_6_neuraminidase_NA_gene_complete_cds           0.0035714 0.0028564 0.0057342 0.0050116 0.0057334 0.0050112 0.2187406 0.2174050 0.0021384 0.0021381 0.0000000 0.0021384 0.0028544 0.2146775 0.2160274 0.2138596 0.2171782 0.0374819 0.2178385 0.2159031 0.0366648 0.2145730 0.2163154 0.0366722 0.2124478 0.2124214 0.2176317 0.2200362 0.2171238 0.0386436 0.0402761 0.0394620 0.0394620 0.2137580 0.2161308 
PV218923_1_Influenza_A_virus_A_cattle_CA_25_001525_001_original_2025_H5N1_segment_6_neuraminidase_NA_gene_complete_cds           0.0028540 0.0021399 0.0050119 0.0042909 0.0050112 0.0042906 0.2200996 0.2187613 0.0014241 0.0014239 0.0021384 0.0000000 0.0007112 0.2160274 0.2173803 0.2151998 0.2185204 0.0366756 0.2191871 0.2172431 0.0358606 0.2159100 0.2176603 0.0358678 0.2137847 0.2137580 0.2189792 0.2213978 0.2184656 0.0383202 0.0399429 0.0391337 0.0391337 0.2150975 0.2174720 
PV218931_1_Influenza_A_virus_A_cattle_CA_25_001525_002_original_2025_H5N1_segment_6_neuraminidase_NA_gene_complete_cds           0.0035714 0.0028564 0.0057342 0.0050116 0.0057334 0.0050112 0.2214407 0.2200996 0.0021384 0.0021381 0.0028544 0.0007112 0.0000000 0.2173598 0.2187157 0.2165226 0.2198450 0.0374819 0.2205178 0.2185656 0.0366648 0.2172297 0.2189875 0.0366722 0.2151044 0.2150774 0.2203088 0.2227412 0.2197897 0.0391310 0.0407575 0.0399465 0.0399465 0.2164196 0.2187955 
PV792039_1_Influenza_A_virus_A_Duck_NY_25_012798_007_original_repeat_2025_H5N1_segment_6_neuraminidase_NA_gene_complete_cds      0.2213381 0.2169518 0.2173393 0.2186744 0.2199770 0.2213381 0.0101706 0.0094335 0.2187157 0.2160098 0.2146775 0.2160274 0.2173598 0.0000000 0.0007124 0.0079529 0.0101406 0.2153135 0.0086861 0.0094193 0.2150559 0.0072117 0.0079465 0.2166045 0.0108815 0.0108810 0.0086788 0.0101783 0.0086712 0.2236063 0.2209003 0.2222608 0.2249752 0.0101442 0.0086745 
PV792063_1_Influenza_A_virus_A_Partridge_NY_25_013275_009_original_2025_H5N1_segment_6_neuraminidase_NA_gene_complete_cds        0.2227020 0.2183028 0.2186950 0.2200329 0.2213381 0.2227020 0.0109101 0.0101712 0.2200745 0.2173627 0.2160274 0.2173803 0.2187157 0.0007124 0.0000000 0.0086862 0.0108778 0.2166589 0.0094211 0.0101559 0.2163999 0.0079422 0.0086792 0.2179522 0.0116208 0.0116202 0.0094131 0.0109183 0.0094049 0.2249752 0.2222642 0.2236275 0.2263477 0.0108817 0.0094085 
PV336654_1_Influenza_A_virus_A_Common_Raven_CA_25_003340_001_original_2025_H5N1_segment_6_neuraminidase_NA_gene_complete_cds     0.2204721 0.2161200 0.2165023 0.2178278 0.2191211 0.2204721 0.0050427 0.0043175 0.2178687 0.2151824 0.2138596 0.2151998 0.2165226 0.0079529 0.0086862 0.0000000 0.0064791 0.2144947 0.0035891 0.0057609 0.2142394 0.0021456 0.0043080 0.2157766 0.0072098 0.0072095 0.0050317 0.0065029 0.0050274 0.2227230 0.2200370 0.2213875 0.2240815 0.0064813 0.0050293 
PV218195_1_Influenza_A_virus_A_Bald_Eagle_IA_25_001479_001_original_2025_H5N1_segment_6_neuraminidase_NA_gene_complete_cds       0.2237975 0.2194321 0.2198244 0.2211514 0.2224456 0.2237975 0.0086799 0.0079477 0.2211928 0.2185030 0.2171782 0.2185204 0.2198450 0.0101406 0.0108778 0.0064791 0.0000000 0.2177997 0.0072073 0.0079359 0.2175419 0.0057448 0.0050241 0.2190825 0.0079276 0.0079272 0.0072013 0.0086865 0.0057433 0.2260529 0.2233639 0.2247160 0.2274135 0.0071986 0.0071978 
PV218203_1_Influenza_A_virus_A_Bald_Eagle_IA_25_001479_002_original_2025_H5N1_segment_6_neuraminidase_NA_gene_complete_cds       0.0382841 0.0375139 0.0407286 0.0399120 0.0407222 0.0399085 0.2193628 0.2180319 0.0366756 0.0366699 0.0374819 0.0366756 0.0374819 0.2153135 0.2166589 0.2144947 0.2177997 0.0000000 0.2184600 0.2165291 0.0064479 0.2152035 0.2169419 0.0007102 0.2130518 0.2130609 0.2182536 0.2206538 0.2177453 0.0086335 0.0100946 0.0093640 0.0093640 0.2143931 0.2167563 
PV218211_1_Influenza_A_virus_A_Canada_Goose_IL_25_000616_002_original_2025_H5N1_segment_6_neuraminidase_NA_gene_complete_cds     0.2244888 0.2201010 0.2204971 0.2218303 0.2231294 0.2244888 0.0057697 0.0050429 0.2218720 0.2191696 0.2178385 0.2191871 0.2205178 0.0086861 0.0094211 0.0035891 0.0072073 0.2184600 0.0000000 0.0064886 0.2182007 0.0028641 0.0050319 0.2197487 0.0079400 0.0079396 0.0057572 0.0072338 0.0057522 0.2240501 0.2213599 0.2227128 0.2254120 0.0072098 0.0057544 
PV218227_1_Influenza_A_virus_A_Canada_Goose_IL_25_000616_004_original_2025_H5N1_segment_6_neuraminidase_NA_gene_complete_cds     0.2225129 0.2181571 0.2185451 0.2198700 0.2211624 0.2225129 0.0079591 0.0072274 0.2199112 0.2172257 0.2159031 0.2172431 0.2185656 0.0094193 0.0101559 0.0057609 0.0079359 0.2165291 0.0064886 0.0000000 0.2162726 0.0050282 0.0057563 0.2178103 0.0086704 0.0086700 0.0064831 0.0079651 0.0064776 0.2247632 0.2220793 0.2234282 0.2261218 0.0079386 0.0057584 
PV218235_1_Influenza_A_virus_A_Canada_Goose_IL_25_000616_005_original_2025_H5N1_segment_6_neuraminidase_NA_gene_complete_cds     0.0374651 0.0366960 0.0399030 0.0390886 0.0398968 0.0390852 0.2191010 0.2177714 0.0358606 0.0358550 0.0366648 0.0358606 0.0366648 0.2150559 0.2163999 0.2142394 0.2175419 0.0064479 0.2182007 0.2162726 0.0000000 0.2149484 0.2166842 0.0057246 0.2127981 0.2128073 0.2179946 0.2203906 0.2174877 0.0050068 0.0064514 0.0057287 0.0057287 0.2141381 0.2164995 
PV218251_1_Influenza_A_virus_A_Canada_Goose_IL_25_000616_007_original_2025_H5N1_segment_6_neuraminidase_NA_gene_complete_cds     0.2211689 0.2168260 0.2172094 0.2185314 0.2198213 0.2211689 0.0043114 0.0035889 0.2185723 0.2158926 0.2145730 0.2159100 0.2172297 0.0072117 0.0079422 0.0021456 0.0057448 0.2152035 0.0028641 0.0050282 0.2149484 0.0000000 0.0035811 0.2164820 0.0064726 0.0064723 0.0043021 0.0057658 0.0042985 0.2234135 0.2207353 0.2220823 0.2247694 0.0057468 0.0028602 
PV218267_1_Influenza_A_virus_A_Canada_Goose_IL_25_000616_010_original_2025_H5N1_segment_6_neuraminidase_NA_gene_complete_cds     0.2229490 0.2185763 0.2189669 0.2202966 0.2215936 0.2229490 0.0064927 0.0057649 0.2203380 0.2176428 0.2163154 0.2176603 0.2189875 0.0079465 0.0086792 0.0043080 0.0050241 0.2169419 0.0050319 0.0057563 0.2166842 0.0035811 0.0000000 0.2182275 0.0057504 0.0057501 0.0050276 0.0064976 0.0035802 0.2252079 0.2225141 0.2238680 0.2265716 0.0050258 0.0050252 
PV218275_1_Influenza_A_virus_A_Canada_Goose_IL_25_000616_011_original_2025_H5N1_segment_6_neuraminidase_NA_gene_complete_cds     0.0374726 0.0367034 0.0399111 0.0390965 0.0399048 0.0390931 0.2206612 0.2193281 0.0358678 0.0358622 0.0366722 0.0358678 0.0366722 0.2166045 0.2179522 0.2157766 0.2190825 0.0007102 0.2197487 0.2178103 0.0057246 0.2164820 0.2182275 0.0000000 0.2143305 0.2143398 0.2195412 0.2219541 0.2190278 0.0079046 0.0093624 0.0086333 0.0086333 0.2156744 0.2180385 
PV218283_1_Influenza_A_virus_A_Crane_VA_25_001494_001_original_2025_H5N1_segment_6_neuraminidase_NA_gene_complete_cds            0.2190447 0.2147069 0.2150842 0.2164064 0.2176970 0.2190447 0.0094176 0.0086834 0.2164469 0.2137672 0.2124478 0.2137847 0.2151044 0.0108815 0.0116208 0.0072098 0.0079276 0.2130518 0.0079400 0.0086704 0.2127981 0.0064726 0.0057504 0.2143305 0.0000000 0.0072014 0.0079334 0.0094247 0.0064709 0.2212512 0.2185720 0.2199191 0.2226067 0.0064740 0.0079295 
PV218291_1_Influenza_A_virus_A_Duck_IL_25_000617_002_original_2025_H5N1_segment_6_neuraminidase_NA_gene_complete_cds             0.2190168 0.2146800 0.2161778 0.2175013 0.2187929 0.2190168 0.0094171 0.0086830 0.2164196 0.2137406 0.2124214 0.2137580 0.2150774 0.0108810 0.0116202 0.0072095 0.0079272 0.2130609 0.0079396 0.0086700 0.2128073 0.0064723 0.0057501 0.2143398 0.0072014 0.0000000 0.0079330 0.0094242 0.0064706 0.2212612 0.2185817 0.2199290 0.2226169 0.0007120 0.0079291 
PV218323_1_Influenza_A_virus_A_Great_Horned_Owl_IA_25_000440_001_original_2025_H5N1_segment_6_neuraminidase_NA_gene_complete_cds 0.2242765 0.2198929 0.2202881 0.2216202 0.2229192 0.2242765 0.0072223 0.0064928 0.2216618 0.2189617 0.2176317 0.2189792 0.2203088 0.0086788 0.0094131 0.0050317 0.0072013 0.2182536 0.0057572 0.0064831 0.2179946 0.0043021 0.0050276 0.2195412 0.0079334 0.0079330 0.0000000 0.0072278 0.0043010 0.2265410 0.2238416 0.2251988 0.2279069 0.0072038 0.0057496 
PV218331_1_Influenza_A_virus_A_Guineafowl_TN_25_001531_002_original_2025_H5N1_segment_6_neuraminidase_NA_gene_complete_cds       0.2267501 0.2223136 0.2227201 0.2240653 0.2253776 0.2267501 0.0087120 0.0079771 0.2241077 0.2213802 0.2200362 0.2213978 0.2227412 0.0101783 0.0109183 0.0065029 0.0086865 0.2206538 0.0072338 0.0079651 0.2203906 0.0057658 0.0064976 0.2219541 0.0094247 0.0094242 0.0072278 0.0000000 0.0072215 0.2290393 0.2263121 0.2276833 0.2304196 0.0086895 0.0072242 
PV218371_1_Influenza_A_virus_A_Turkey_MN_25_001440_001_original_2025_H5N1_segment_6_neuraminidase_NA_gene_complete_cds           0.2237408 0.2193771 0.2197692 0.2210957 0.2223894 0.2237408 0.0072161 0.0064872 0.2211371 0.2184482 0.2171238 0.2184656 0.2197897 0.0086712 0.0094049 0.0050274 0.0057433 0.2177453 0.0057522 0.0064776 0.2174877 0.0042985 0.0035802 0.2190278 0.0064709 0.0064706 0.0043010 0.0072215 0.0000000 0.2259954 0.2233074 0.2246590 0.2273556 0.0057453 0.0057446 
PV218387_1_Influenza_A_virus_A_Turkey_OH_25_001054_002_original_2025_H5N1_segment_6_neuraminidase_NA_gene_complete_cds           0.0399374 0.0391648 0.0423960 0.0415747 0.0423893 0.0415710 0.2277275 0.2263737 0.0383202 0.0383142 0.0386436 0.0383202 0.0391310 0.2236063 0.2249752 0.2227230 0.2260529 0.0086335 0.2240501 0.2247632 0.0050068 0.2234135 0.2252079 0.0079046 0.2212512 0.2212612 0.2265410 0.2290393 0.2259954 0.0000000 0.0014217 0.0007101 0.0007101 0.2226169 0.2249982 
PV218435_1_Influenza_A_virus_A_Turkey_OH_25_001328_002_original_2025_H5N1_segment_6_neuraminidase_NA_gene_complete_cds           0.0415674 0.0407929 0.0440376 0.0432124 0.0440306 0.0432086 0.2250047 0.2236566 0.0399429 0.0399367 0.0402761 0.0399429 0.0407575 0.2209003 0.2222642 0.2200370 0.2233639 0.0100946 0.2213599 0.2220793 0.0064514 0.2207353 0.2225141 0.0093624 0.2185720 0.2185817 0.2238416 0.2263121 0.2233074 0.0014217 0.0000000 0.0007101 0.0021350 0.2199322 0.2223121 
PV218443_1_Influenza_A_virus_A_Turkey_OH_25_001328_003_original_2025_H5N1_segment_6_neuraminidase_NA_gene_complete_cds           0.0407547 0.0399811 0.0432193 0.0423960 0.0432124 0.0423922 0.2263737 0.2250223 0.0391337 0.0391276 0.0394620 0.0391337 0.0399465 0.2222608 0.2236275 0.2213875 0.2247160 0.0093640 0.2227128 0.2234282 0.0057287 0.2220823 0.2238680 0.0086333 0.2199191 0.2199290 0.2251988 0.2276833 0.2246590 0.0007101 0.0007101 0.0000000 0.0014219 0.2212820 0.2236621 
PV218515_1_Influenza_A_virus_A_Turkey_OH_25_001339_001_original_2025_H5N1_segment_6_neuraminidase_NA_gene_complete_cds           0.0407547 0.0399811 0.0432193 0.0423960 0.0432124 0.0423922 0.2291055 0.2277491 0.0391337 0.0391276 0.0394620 0.0391337 0.0399465 0.2249752 0.2263477 0.2240815 0.2274135 0.0093640 0.2254120 0.2261218 0.0057287 0.2247694 0.2265716 0.0086333 0.2226067 0.2226169 0.2279069 0.2304196 0.2273556 0.0007101 0.0021350 0.0014219 0.0000000 0.2239747 0.2263579 
PV218547_1_Influenza_A_virus_A_Wood_Duck_IL_25_001096_001_original_2025_H5N1_segment_6_neuraminidase_NA_gene_complete_cds        0.2203671 0.2160176 0.2175217 0.2188480 0.2201420 0.2203671 0.0086830 0.0079505 0.2177650 0.2150801 0.2137580 0.2150975 0.2164196 0.0101442 0.0108817 0.0064813 0.0071986 0.2143931 0.0072098 0.0079386 0.2141381 0.0057468 0.0050258 0.2156744 0.0064740 0.0007120 0.0072038 0.0086895 0.0057453 0.2226169 0.2199322 0.2212820 0.2239747 0.0000000 0.0072003 
PV219187_1_Influenza_A_virus_A_goose_MD_25_001223_001_original_2025_H5N1_segment_6_neuraminidase_NA_gene_complete_cds            0.2227459 0.2183860 0.2187750 0.2201010 0.2213943 0.2227459 0.0072188 0.0064896 0.2201422 0.2174545 0.2161308 0.2174720 0.2187955 0.0086745 0.0094085 0.0050293 0.0071978 0.2167563 0.0057544 0.0057584 0.2164995 0.0028602 0.0050252 0.2180385 0.0079295 0.0079291 0.0057496 0.0072242 0.0057446 0.2249982 0.2223121 0.2236621 0.2263579 0.0072003 0.0000000 
