26
PV792028_1_Influenza_A_virus_A_cattle_ID_25_012907_001_original_2025_H5N1_segment_3_polymerase_PA_PA_and_PA_X_protein_PA_X_genes_complete_cds           0.0000000 0.0053410 0.0026594 0.0053411 0.0039970 0.1220756 0.0080426 0.0053411 0.0053397 0.0066861 0.0053394 0.1182739 0.1127502 0.1164464 0.0290345 0.1182739 0.1183081 0.1203010 0.1201082 0.0276008 0.1183081 0.1183118 0.1202296 0.1220654 0.1221111 0.1208105 
PV792276_1_Influenza_A_virus_A_cattle_CA_25_012917_001_original_2025_H5N1_segment_3_polymerase_PA_PA_and_PA_X_protein_PA_X_genes_complete_cds           0.0053410 0.0000000 0.0026600 0.0053424 0.0039980 0.1183924 0.0053420 0.0026607 0.0026600 0.0039967 0.0026598 0.1146257 0.1091516 0.1128136 0.0261689 0.1146257 0.1146588 0.1166295 0.1164464 0.0247459 0.1146588 0.1146622 0.1165620 0.1183826 0.1184267 0.1171238 
PV792396_1_Influenza_A_virus_A_cattle_ID_25_012902_001_original_2025_H5N1_segment_3_polymerase_PA_PA_and_PA_X_protein_PA_X_genes_complete_cds           0.0026594 0.0026600 0.0000000 0.0026600 0.0013273 0.1183544 0.0053407 0.0026600 0.0026594 0.0039957 0.0026592 0.1145892 0.1091172 0.1127778 0.0261621 0.1145892 0.1146223 0.1165922 0.1164092 0.0247395 0.1146223 0.1146257 0.1165248 0.1183446 0.1183887 0.1170861 
PV792404_1_Influenza_A_virus_A_cattle_ID_25_012902_002_original_2025_H5N1_segment_3_polymerase_PA_PA_and_PA_X_protein_PA_X_genes_complete_cds           0.0053411 0.0053424 0.0026600 0.0000000 0.0013277 0.1183887 0.0080447 0.0053424 0.0053411 0.0066878 0.0053407 0.1146223 0.1091486 0.1128104 0.0290420 0.1146223 0.1146554 0.1166260 0.1164428 0.0276080 0.1146554 0.1146588 0.1165585 0.1183789 0.1184230 0.1171202 
PV792444_1_Influenza_A_virus_A_cattle_ID_25_012902_007_original_2025_H5N1_segment_3_polymerase_PA_PA_and_PA_X_protein_PA_X_genes_complete_cds           0.0039970 0.0039980 0.0013273 0.0013277 0.0000000 0.1202257 0.0066896 0.0039980 0.0039970 0.0053394 0.0039967 0.1164428 0.1109445 0.1146223 0.0275989 0.1164428 0.1164765 0.1184581 0.1182702 0.0261706 0.1164765 0.1164800 0.1183887 0.1202157 0.1202606 0.1189598 
PV520599_1_Influenza_A_virus_A_cattle_Nevada_NV_7_2025_H5N1_segment_3_polymerase_PA_PA_and_PA_X_protein_PA_X_genes_complete_cds                         0.1220756 0.1183924 0.1183544 0.1183887 0.1202257 0.0000000 0.1183789 0.1183887 0.1183544 0.1201809 0.1183446 0.0053252 0.0066741 0.0039856 0.1055677 0.0026521 0.0053265 0.0066740 0.0013233 0.1038022 0.0053265 0.0053265 0.0066725 0.0080213 0.0080238 0.0067024 
PV218888_1_Influenza_A_virus_A_cattle_CA_25_000603_001_original_2025_H5N1_segment_3_polymerase_PA_PA_and_PA_X_protein_PA_X_genes_complete_cds           0.0080426 0.0053420 0.0053407 0.0080447 0.0066896 0.1183789 0.0000000 0.0053421 0.0053407 0.0039967 0.0026598 0.1146129 0.1091398 0.1128012 0.0290401 0.1146129 0.1146460 0.1166164 0.1164333 0.0276062 0.1146460 0.1146494 0.1165489 0.1183691 0.1184132 0.1171105 
PV218896_1_Influenza_A_virus_A_cattle_CA_25_000605_001_original_2025_H5N1_segment_3_polymerase_PA_PA_and_PA_X_protein_PA_X_genes_complete_cds           0.0053411 0.0026607 0.0026600 0.0053424 0.0039980 0.1183887 0.0053421 0.0000000 0.0026600 0.0039967 0.0026599 0.1146223 0.1091486 0.1128104 0.0261689 0.1146223 0.1146554 0.1166260 0.1164428 0.0247459 0.1146554 0.1146588 0.1165585 0.1183789 0.1184230 0.1171202 
PV218904_1_Influenza_A_virus_A_cattle_CA_25_001132_001_original_2025_H5N1_segment_3_polymerase_PA_PA_and_PA_X_protein_PA_X_genes_complete_cds           0.0053397 0.0026600 0.0026594 0.0053411 0.0039970 0.1183544 0.0053407 0.0026600 0.0000000 0.0039957 0.0026592 0.1145892 0.1091172 0.1127778 0.0261621 0.1145892 0.1146223 0.1165922 0.1164092 0.0247395 0.1146223 0.1146257 0.1165248 0.1183446 0.1183887 0.1170861 
PV218920_1_Influenza_A_virus_A_cattle_CA_25_001525_001_original_2025_H5N1_segment_3_polymerase_PA_PA_and_PA_X_protein_PA_X_genes_complete_cds           0.0066861 0.0039967 0.0039957 0.0066878 0.0053394 0.1201809 0.0039967 0.0039967 0.0039957 0.0000000 0.0013268 0.1163996 0.1109036 0.1145798 0.0275899 0.1163996 0.1164333 0.1184140 0.1182262 0.0261621 0.1164333 0.1164368 0.1183446 0.1201709 0.1202157 0.1189154 
PV218928_1_Influenza_A_virus_A_cattle_CA_25_001525_002_original_2025_H5N1_segment_3_polymerase_PA_PA_and_PA_X_protein_PA_X_genes_complete_cds           0.0053394 0.0026598 0.0026592 0.0053407 0.0039967 0.1183446 0.0026598 0.0026599 0.0026592 0.0013268 0.0000000 0.1145798 0.1091084 0.1127686 0.0261604 0.1145798 0.1146129 0.1165826 0.1163996 0.0247379 0.1146129 0.1146163 0.1165152 0.1183348 0.1183789 0.1170764 
PV792036_1_Influenza_A_virus_A_Duck_NY_25_012798_007_original_repeat_2025_H5N1_segment_3_polymerase_PA_PA_and_PA_X_protein_PA_X_genes_complete_cds      0.1182739 0.1146257 0.1145892 0.1146223 0.1164428 0.0053252 0.1146129 0.1146223 0.1145892 0.1163996 0.1145798 0.0000000 0.0039866 0.0013233 0.1019332 0.0026513 0.0026520 0.0039866 0.0039843 0.1001845 0.0026520 0.0026519 0.0039856 0.0053248 0.0053265 0.0040042 
PV336651_1_Influenza_A_virus_A_Common_Raven_CA_25_003340_001_original_2025_H5N1_segment_3_polymerase_PA_PA_and_PA_X_protein_PA_X_genes_complete_cds     0.1127502 0.1091516 0.1091172 0.1091486 0.1109445 0.0066741 0.1091398 0.1091486 0.1091172 0.1109036 0.1091084 0.0039866 0.0000000 0.0026534 0.1002685 0.0039866 0.0039877 0.0053307 0.0053265 0.0985246 0.0039877 0.0039877 0.0053294 0.0066737 0.0066758 0.0053535 
PV218192_1_Influenza_A_virus_A_Bald_Eagle_IA_25_001479_001_original_2025_H5N1_segment_3_polymerase_PA_PA_and_PA_X_protein_PA_X_genes_complete_cds       0.1164464 0.1128136 0.1127778 0.1128104 0.1146223 0.0039856 0.1128012 0.1128104 0.1127778 0.1145798 0.1127686 0.0013233 0.0026534 0.0000000 0.1001766 0.0013233 0.0013236 0.0026534 0.0026513 0.0984350 0.0013236 0.0013236 0.0026528 0.0039853 0.0039867 0.0026648 
PV218200_1_Influenza_A_virus_A_Bald_Eagle_IA_25_001479_002_original_2025_H5N1_segment_3_polymerase_PA_PA_and_PA_X_protein_PA_X_genes_complete_cds       0.0290345 0.0261689 0.0261621 0.0290420 0.0275989 0.1055677 0.0290401 0.0261689 0.0261621 0.0275899 0.0261604 0.1019332 0.1002685 0.1001766 0.0000000 0.1019332 0.1006627 0.1038488 0.1036972 0.0013280 0.1019623 0.1019648 0.1037939 0.1055592 0.1055980 0.1042894 
PV218208_1_Influenza_A_virus_A_Canada_Goose_IL_25_000616_002_original_2025_H5N1_segment_3_polymerase_PA_PA_and_PA_X_protein_PA_X_genes_complete_cds     0.1182739 0.1146257 0.1145892 0.1146223 0.1164428 0.0026521 0.1146129 0.1146223 0.1145892 0.1163996 0.1145798 0.0026513 0.0039866 0.0013233 0.1019332 0.0000000 0.0026520 0.0039866 0.0013229 0.1001845 0.0026520 0.0026519 0.0039856 0.0053248 0.0053265 0.0040042 
PV218224_1_Influenza_A_virus_A_Canada_Goose_IL_25_000616_004_original_2025_H5N1_segment_3_polymerase_PA_PA_and_PA_X_protein_PA_X_genes_complete_cds     0.1183081 0.1146588 0.1146223 0.1146554 0.1164765 0.0053265 0.1146460 0.1146554 0.1146223 0.1164333 0.1146129 0.0026520 0.0039877 0.0013236 0.1006627 0.0026520 0.0000000 0.0039876 0.0039853 0.0989122 0.0026526 0.0026526 0.0039867 0.0053262 0.0053278 0.0040052 
PV218232_1_Influenza_A_virus_A_Canada_Goose_IL_25_000616_005_original_2025_H5N1_segment_3_polymerase_PA_PA_and_PA_X_protein_PA_X_genes_complete_cds     0.1203010 0.1166295 0.1165922 0.1166260 0.1184581 0.0066740 0.1166164 0.1166260 0.1165922 0.1184140 0.1165826 0.0039866 0.0053307 0.0026534 0.1038488 0.0039866 0.0039876 0.0000000 0.0053264 0.1020889 0.0039876 0.0039876 0.0026528 0.0039853 0.0039867 0.0053534 
PV218248_1_Influenza_A_virus_A_Canada_Goose_IL_25_000616_007_original_2025_H5N1_segment_3_polymerase_PA_PA_and_PA_X_protein_PA_X_genes_complete_cds     0.1201082 0.1164464 0.1164092 0.1164428 0.1182702 0.0013233 0.1164333 0.1164428 0.1164092 0.1182262 0.1163996 0.0039843 0.0053265 0.0026513 0.1036972 0.0013229 0.0039853 0.0053264 0.0000000 0.1019413 0.0039853 0.0039853 0.0053252 0.0066683 0.0066704 0.0053492 
PV218272_1_Influenza_A_virus_A_Canada_Goose_IL_25_000616_011_original_2025_H5N1_segment_3_polymerase_PA_PA_and_PA_X_protein_PA_X_genes_complete_cds     0.0276008 0.0247459 0.0247395 0.0276080 0.0261706 0.1038022 0.0276062 0.0247459 0.0247395 0.0261621 0.0247379 0.1001845 0.0985246 0.0984350 0.0013280 0.1001845 0.0989122 0.1020889 0.1019413 0.0000000 0.1002132 0.1002156 0.1020356 0.1037939 0.1038320 0.1025222 
PV218320_1_Influenza_A_virus_A_Great_Horned_Owl_IA_25_000440_001_original_2025_H5N1_segment_3_polymerase_PA_PA_and_PA_X_protein_PA_X_genes_complete_cds 0.1183081 0.1146588 0.1146223 0.1146554 0.1164765 0.0053265 0.1146460 0.1146554 0.1146223 0.1164333 0.1146129 0.0026520 0.0039877 0.0013236 0.1019623 0.0026520 0.0026526 0.0039876 0.0039853 0.1002132 0.0000000 0.0026526 0.0039867 0.0053262 0.0053278 0.0040052 
PV218328_1_Influenza_A_virus_A_Guineafowl_TN_25_001531_002_original_2025_H5N1_segment_3_polymerase_PA_PA_and_PA_X_protein_PA_X_genes_complete_cds       0.1183118 0.1146622 0.1146257 0.1146588 0.1164800 0.0053265 0.1146494 0.1146588 0.1146257 0.1164368 0.1146163 0.0026519 0.0039877 0.0013236 0.1019648 0.0026519 0.0026526 0.0039876 0.0039853 0.1002156 0.0026526 0.0000000 0.0039866 0.0053261 0.0053278 0.0040052 
PV218384_1_Influenza_A_virus_A_Turkey_OH_25_001054_002_original_2025_H5N1_segment_3_polymerase_PA_PA_and_PA_X_protein_PA_X_genes_complete_cds           0.1202296 0.1165620 0.1165248 0.1165585 0.1183887 0.0066725 0.1165489 0.1165585 0.1165248 0.1183446 0.1165152 0.0039856 0.0053294 0.0026528 0.1037939 0.0039856 0.0039867 0.0026528 0.0053252 0.1020356 0.0039867 0.0039866 0.0000000 0.0013233 0.0013237 0.0053521 
PV218392_1_Influenza_A_virus_A_Turkey_OH_25_001057_001_original_2025_H5N1_segment_3_polymerase_PA_PA_and_PA_X_protein_PA_X_genes_complete_cds           0.1220654 0.1183826 0.1183446 0.1183789 0.1202157 0.0080213 0.1183691 0.1183789 0.1183446 0.1201709 0.1183348 0.0053248 0.0066737 0.0039853 0.1055592 0.0053248 0.0053262 0.0039853 0.0066683 0.1037939 0.0053262 0.0053261 0.0013233 0.0000000 0.0026520 0.0067020 
PV218480_1_Influenza_A_virus_A_Turkey_OH_25_001337_001_original_2025_H5N1_segment_3_polymerase_PA_PA_and_PA_X_protein_PA_X_genes_complete_cds           0.1221111 0.1184267 0.1183887 0.1184230 0.1202606 0.0080238 0.1184132 0.1184230 0.1183887 0.1202157 0.1183789 0.0053265 0.0066758 0.0039867 0.1055980 0.0053265 0.0053278 0.0039867 0.0066704 0.1038320 0.0053278 0.0053278 0.0013237 0.0026520 0.0000000 0.0067041 
PV219184_1_Influenza_A_virus_A_goose_MD_25_001223_001_original_2025_H5N1_segment_3_polymerase_PA_PA_and_PA_X_protein_PA_X_genes_complete_cds            0.1208105 0.1171238 0.1170861 0.1171202 0.1189598 0.0067024 0.1171105 0.1171202 0.1170861 0.1189154 0.1170764 0.0040042 0.0053535 0.0026648 0.1042894 0.0040042 0.0040052 0.0053534 0.0053492 0.1025222 0.0040052 0.0040052 0.0053521 0.0067020 0.0067041 0.0000000 
