39
PV792029_1_Influenza_A_virus_A_cattle_ID_25_012907_001_original_2025_H5N1_segment_4_hemagglutinin_HA_gene_complete_cds           0.0000000 0.0071749 0.0029626 0.0035599 0.0017730 0.0011805 0.0017725 0.0368952 0.0361836 0.0065657 0.0053586 0.0059601 0.0053570 0.0047569 0.0065658 0.0368631 0.0355101 0.0362219 0.0348180 0.0363921 0.0334786 0.0375437 0.0361756 0.0368670 0.0354713 0.0370905 0.0328000 0.0378069 0.0356983 0.0354978 0.0354896 0.0354896 0.0348180 0.0348260 0.0361794 0.0355023 0.0363798 0.0363798 0.0348180 
PV792277_1_Influenza_A_virus_A_cattle_CA_25_012917_001_original_2025_H5N1_segment_4_hemagglutinin_HA_gene_complete_cds           0.0071749 0.0000000 0.0053600 0.0059636 0.0065688 0.0059636 0.0065668 0.0382712 0.0375550 0.0065680 0.0053605 0.0059622 0.0053588 0.0047586 0.0065681 0.0382377 0.0368784 0.0375951 0.0361822 0.0377712 0.0348363 0.0389229 0.0375467 0.0382417 0.0368378 0.0384736 0.0341539 0.0391956 0.0370735 0.0368656 0.0368570 0.0368570 0.0361822 0.0361906 0.0375506 0.0368703 0.0377584 0.0377584 0.0361822 
PV792397_1_Influenza_A_virus_A_cattle_ID_25_012902_001_original_2025_H5N1_segment_4_hemagglutinin_HA_gene_complete_cds           0.0029626 0.0053600 0.0000000 0.0005895 0.0023666 0.0017728 0.0023659 0.0334811 0.0327817 0.0035581 0.0023656 0.0029608 0.0023649 0.0017723 0.0035582 0.0334526 0.0321164 0.0328159 0.0314347 0.0329712 0.0301118 0.0341247 0.0327746 0.0334560 0.0320819 0.0336592 0.0294419 0.0343637 0.0322875 0.0321054 0.0320981 0.0320981 0.0314347 0.0314419 0.0327779 0.0321095 0.0329602 0.0329602 0.0314347 
PV792405_1_Influenza_A_virus_A_cattle_ID_25_012902_002_original_2025_H5N1_segment_4_hemagglutinin_HA_gene_complete_cds           0.0035599 0.0059636 0.0005895 0.0000000 0.0017730 0.0023666 0.0029620 0.0341618 0.0334598 0.0029614 0.0029617 0.0023651 0.0029608 0.0011802 0.0029615 0.0341325 0.0327929 0.0334949 0.0321091 0.0336532 0.0307828 0.0348064 0.0334526 0.0341360 0.0327576 0.0343432 0.0301118 0.0350502 0.0329674 0.0327817 0.0327742 0.0327742 0.0321091 0.0321164 0.0334560 0.0327858 0.0336419 0.0336419 0.0321091 
PV792501_1_Influenza_A_virus_A_cattle_ID_25_012909_001_original_2025_H5N1_segment_4_hemagglutinin_HA_gene_complete_cds           0.0017730 0.0065688 0.0023666 0.0017730 0.0000000 0.0005895 0.0011803 0.0362111 0.0355019 0.0047565 0.0047569 0.0041562 0.0047554 0.0029620 0.0047565 0.0361798 0.0348300 0.0355394 0.0341400 0.0357066 0.0328038 0.0368588 0.0354941 0.0361836 0.0347921 0.0364030 0.0321270 0.0371171 0.0350148 0.0348180 0.0348100 0.0348100 0.0341400 0.0341478 0.0354978 0.0348224 0.0356946 0.0356946 0.0341400 
PV792533_1_Influenza_A_virus_A_cattle_ID_25_012952_001_original_2025_H5N1_segment_4_hemagglutinin_HA_gene_complete_cds           0.0011805 0.0059636 0.0017728 0.0023666 0.0005895 0.0000000 0.0005894 0.0355247 0.0348180 0.0053581 0.0041570 0.0047554 0.0041558 0.0035588 0.0053582 0.0354941 0.0341478 0.0348547 0.0334598 0.0350189 0.0321270 0.0361714 0.0348104 0.0354978 0.0341108 0.0357131 0.0314522 0.0364248 0.0343291 0.0341360 0.0341282 0.0341282 0.0334598 0.0334675 0.0348140 0.0341404 0.0350071 0.0350071 0.0334598 
PV792549_1_Influenza_A_virus_A_cattle_ID_25_012952_005_original_2025_H5N1_segment_4_hemagglutinin_HA_gene_complete_cds           0.0017725 0.0065668 0.0023659 0.0029620 0.0011803 0.0005894 0.0000000 0.0361985 0.0354896 0.0059596 0.0047554 0.0053559 0.0047540 0.0041562 0.0059596 0.0361672 0.0348180 0.0355271 0.0341282 0.0356942 0.0327925 0.0368460 0.0354818 0.0361710 0.0347801 0.0363902 0.0321160 0.0371041 0.0350026 0.0348059 0.0347979 0.0347979 0.0341282 0.0341360 0.0354855 0.0348104 0.0356821 0.0356821 0.0341282 
PV520597_1_Influenza_A_virus_A_cattle_Nevada_NV_7_2025_H5N1_segment_4_hemagglutinin_HA_gene_complete_cds                         0.0368952 0.0382712 0.0334811 0.0341618 0.0362111 0.0355247 0.0361985 0.0000000 0.0005886 0.0361901 0.0348282 0.0355001 0.0348162 0.0341500 0.0361906 0.0047479 0.0035536 0.0041539 0.0017700 0.0041753 0.0041505 0.0041505 0.0029574 0.0047483 0.0035564 0.0047787 0.0035529 0.0059921 0.0047752 0.0023625 0.0035518 0.0035518 0.0029568 0.0029574 0.0041497 0.0035530 0.0053784 0.0065901 0.0029568 
PV520602_1_Influenza_A_virus_A_cattle_Nevada_WD_210_2025_H5N1_segment_4_hemagglutinin_HA_gene_complete_cds                       0.0361836 0.0375550 0.0327817 0.0334598 0.0355019 0.0348180 0.0354896 0.0005886 0.0000000 0.0354814 0.0341242 0.0347939 0.0341125 0.0334483 0.0354818 0.0041471 0.0029558 0.0035538 0.0011779 0.0035722 0.0035510 0.0035510 0.0023607 0.0041474 0.0029581 0.0041736 0.0029552 0.0053819 0.0041706 0.0017688 0.0029543 0.0029543 0.0023602 0.0023607 0.0035502 0.0029553 0.0047717 0.0059801 0.0023602 
PV218889_1_Influenza_A_virus_A_cattle_CA_25_000603_001_original_2025_H5N1_segment_4_hemagglutinin_HA_gene_complete_cds           0.0065657 0.0065680 0.0035581 0.0029614 0.0047565 0.0053581 0.0059596 0.0361901 0.0354814 0.0000000 0.0035584 0.0029608 0.0035573 0.0017723 0.0035581 0.0361588 0.0348100 0.0355189 0.0341203 0.0356859 0.0327851 0.0368374 0.0354736 0.0361626 0.0347721 0.0363818 0.0321087 0.0370954 0.0349945 0.0347979 0.0347899 0.0347899 0.0341203 0.0341282 0.0354773 0.0348024 0.0356739 0.0356739 0.0341203 
PV218897_1_Influenza_A_virus_A_cattle_CA_25_000605_001_original_2025_H5N1_segment_4_hemagglutinin_HA_gene_complete_cds           0.0053586 0.0053605 0.0023656 0.0029617 0.0047569 0.0041570 0.0047554 0.0348282 0.0341242 0.0035584 0.0000000 0.0029611 0.0023651 0.0017724 0.0035584 0.0347983 0.0334560 0.0341601 0.0327704 0.0343212 0.0314415 0.0354736 0.0341168 0.0348019 0.0334198 0.0350130 0.0307688 0.0357220 0.0336337 0.0334445 0.0334368 0.0334368 0.0327704 0.0327779 0.0341203 0.0334487 0.0343097 0.0343097 0.0327704 
PV218905_1_Influenza_A_virus_A_cattle_CA_25_001132_001_original_2025_H5N1_segment_4_hemagglutinin_HA_gene_complete_cds           0.0059601 0.0059622 0.0029608 0.0023651 0.0041562 0.0047554 0.0053559 0.0355001 0.0347939 0.0029608 0.0029611 0.0000000 0.0005892 0.0011799 0.0029608 0.0354695 0.0341242 0.0348305 0.0334368 0.0349945 0.0321051 0.0361463 0.0347863 0.0354732 0.0340873 0.0356882 0.0314308 0.0363993 0.0343053 0.0341125 0.0341047 0.0341047 0.0334368 0.0334445 0.0347899 0.0341168 0.0349828 0.0349828 0.0334368 
PV218913_1_Influenza_A_virus_A_cattle_CA_25_001132_002_original_2025_H5N1_segment_4_hemagglutinin_HA_gene_complete_cds           0.0053570 0.0053588 0.0023649 0.0029608 0.0047554 0.0041558 0.0047540 0.0348162 0.0341125 0.0035573 0.0023651 0.0005892 0.0000000 0.0017719 0.0035574 0.0347863 0.0334445 0.0341483 0.0327592 0.0343093 0.0314308 0.0354613 0.0341051 0.0347899 0.0334084 0.0350008 0.0307584 0.0357096 0.0336221 0.0334330 0.0334253 0.0334253 0.0327592 0.0327667 0.0341085 0.0334372 0.0342978 0.0342978 0.0327592 
PV218921_1_Influenza_A_virus_A_cattle_CA_25_001525_001_original_2025_H5N1_segment_4_hemagglutinin_HA_gene_complete_cds           0.0047569 0.0047586 0.0017723 0.0011802 0.0029620 0.0035588 0.0041562 0.0341500 0.0334483 0.0017723 0.0017724 0.0011799 0.0017719 0.0000000 0.0017723 0.0341207 0.0327817 0.0334833 0.0320981 0.0336415 0.0307724 0.0347944 0.0334411 0.0341242 0.0327464 0.0343313 0.0301015 0.0350380 0.0329560 0.0327704 0.0327630 0.0327630 0.0320981 0.0321054 0.0334445 0.0327746 0.0336303 0.0336303 0.0320981 
PV218929_1_Influenza_A_virus_A_cattle_CA_25_001525_002_original_2025_H5N1_segment_4_hemagglutinin_HA_gene_complete_cds           0.0065658 0.0065681 0.0035582 0.0029615 0.0047565 0.0053582 0.0059596 0.0361906 0.0354818 0.0035581 0.0035584 0.0029608 0.0035574 0.0017723 0.0000000 0.0361593 0.0348104 0.0355193 0.0341207 0.0356863 0.0327854 0.0368378 0.0354740 0.0361630 0.0347725 0.0363822 0.0321091 0.0370958 0.0349949 0.0347983 0.0347903 0.0347903 0.0341207 0.0341286 0.0354777 0.0348028 0.0356743 0.0356743 0.0341207 
PV792037_1_Influenza_A_virus_A_Duck_NY_25_012798_007_original_repeat_2025_H5N1_segment_4_hemagglutinin_HA_gene_complete_cds      0.0368631 0.0382377 0.0334526 0.0341325 0.0361798 0.0354941 0.0361672 0.0047479 0.0041471 0.0361588 0.0347983 0.0354695 0.0347863 0.0341207 0.0361593 0.0000000 0.0023605 0.0017696 0.0029547 0.0041723 0.0041475 0.0053443 0.0041463 0.0047447 0.0047481 0.0047752 0.0035503 0.0059877 0.0047717 0.0035500 0.0035493 0.0035493 0.0029547 0.0029553 0.0041466 0.0035504 0.0053745 0.0065850 0.0029547 
PV792045_1_Influenza_A_virus_A_Duck_NY_25_013275_004_original_2025_H5N1_segment_4_hemagglutinin_HA_gene_complete_cds             0.0355101 0.0368784 0.0321164 0.0327929 0.0348300 0.0341478 0.0348180 0.0035536 0.0029558 0.0348100 0.0334560 0.0341242 0.0334445 0.0327817 0.0348104 0.0023605 0.0000000 0.0017703 0.0017687 0.0029738 0.0029561 0.0041475 0.0029553 0.0035513 0.0035538 0.0035738 0.0023610 0.0047796 0.0035712 0.0023607 0.0023602 0.0023602 0.0017687 0.0017691 0.0029555 0.0023610 0.0041711 0.0053766 0.0017687 
PV709277_1_Influenza_A_virus_A_Duck_NY_25_012798_008_original_2025_H5N1_segment_4_hemagglutinin_HA_gene_complete_cds             0.0362219 0.0375951 0.0328159 0.0334949 0.0355394 0.0348547 0.0355271 0.0041539 0.0035538 0.0355189 0.0341601 0.0348305 0.0341483 0.0334833 0.0355193 0.0017696 0.0017703 0.0000000 0.0023624 0.0035754 0.0035542 0.0047487 0.0035532 0.0041512 0.0041541 0.0041774 0.0029579 0.0053870 0.0041744 0.0029576 0.0029570 0.0029570 0.0023624 0.0023629 0.0035534 0.0029579 0.0047761 0.0059856 0.0023624 
PV336652_1_Influenza_A_virus_A_Common_Raven_CA_25_003340_001_original_2025_H5N1_segment_4_hemagglutinin_HA_gene_complete_cds     0.0348180 0.0361822 0.0314347 0.0321091 0.0341400 0.0334598 0.0341282 0.0017700 0.0011779 0.0341203 0.0327704 0.0334368 0.0327592 0.0320981 0.0341207 0.0029547 0.0017687 0.0023624 0.0000000 0.0023751 0.0023605 0.0023605 0.0011777 0.0029549 0.0017701 0.0029736 0.0017684 0.0041759 0.0029714 0.0005882 0.0017678 0.0017678 0.0011774 0.0011777 0.0023600 0.0017684 0.0035698 0.0047717 0.0011774 
PV218193_1_Influenza_A_virus_A_Bald_Eagle_IA_25_001479_001_original_2025_H5N1_segment_4_hemagglutinin_HA_gene_complete_cds       0.0363921 0.0377712 0.0329712 0.0336532 0.0357066 0.0350189 0.0356942 0.0041753 0.0035722 0.0356859 0.0343212 0.0349945 0.0343093 0.0336415 0.0356863 0.0041723 0.0029738 0.0035754 0.0023751 0.0000000 0.0035726 0.0047736 0.0035715 0.0041726 0.0041755 0.0029576 0.0029732 0.0041535 0.0029555 0.0029729 0.0029723 0.0029723 0.0023751 0.0023755 0.0035718 0.0029732 0.0035507 0.0047457 0.0023751 
PV218201_1_Influenza_A_virus_A_Bald_Eagle_IA_25_001479_002_original_2025_H5N1_segment_4_hemagglutinin_HA_gene_complete_cds       0.0334786 0.0348363 0.0301118 0.0307828 0.0328038 0.0321270 0.0327925 0.0041505 0.0035510 0.0327851 0.0314415 0.0321051 0.0314308 0.0307724 0.0327854 0.0041475 0.0029561 0.0035542 0.0023605 0.0035726 0.0000000 0.0047448 0.0035503 0.0041478 0.0041507 0.0041741 0.0005883 0.0053825 0.0041710 0.0029552 0.0029546 0.0029546 0.0023605 0.0023610 0.0035506 0.0029556 0.0047722 0.0059807 0.0023605 
PV218209_1_Influenza_A_virus_A_Canada_Goose_IL_25_000616_002_original_2025_H5N1_segment_4_hemagglutinin_HA_gene_complete_cds     0.0375437 0.0389229 0.0341247 0.0348064 0.0368588 0.0361714 0.0368460 0.0041505 0.0035510 0.0368374 0.0354736 0.0361463 0.0354613 0.0347944 0.0368378 0.0053443 0.0041475 0.0047487 0.0023605 0.0047736 0.0047448 0.0000000 0.0035503 0.0053448 0.0029573 0.0053784 0.0041467 0.0065936 0.0053744 0.0029552 0.0041454 0.0041454 0.0035496 0.0035503 0.0047437 0.0041467 0.0059784 0.0071923 0.0035496 
PV218225_1_Influenza_A_virus_A_Canada_Goose_IL_25_000616_004_original_2025_H5N1_segment_4_hemagglutinin_HA_gene_complete_cds     0.0361756 0.0375467 0.0327746 0.0334526 0.0354941 0.0348104 0.0354818 0.0029574 0.0023607 0.0354736 0.0341168 0.0347863 0.0341051 0.0334411 0.0354740 0.0041463 0.0029553 0.0035532 0.0011777 0.0035715 0.0035503 0.0035503 0.0000000 0.0041466 0.0029575 0.0041729 0.0029547 0.0053808 0.0041698 0.0005881 0.0029538 0.0029538 0.0023598 0.0023603 0.0035496 0.0029547 0.0035705 0.0047727 0.0023598 
PV218233_1_Influenza_A_virus_A_Canada_Goose_IL_25_000616_005_original_2025_H5N1_segment_4_hemagglutinin_HA_gene_complete_cds     0.0368670 0.0382417 0.0334560 0.0341360 0.0361836 0.0354978 0.0361710 0.0047483 0.0041474 0.0361626 0.0348019 0.0354732 0.0347899 0.0341242 0.0361630 0.0047447 0.0035513 0.0041512 0.0029549 0.0041726 0.0041478 0.0053448 0.0041466 0.0000000 0.0047485 0.0047756 0.0035506 0.0059882 0.0047721 0.0035502 0.0035495 0.0035495 0.0029549 0.0017685 0.0029546 0.0023603 0.0053749 0.0065855 0.0029549 
PV218249_1_Influenza_A_virus_A_Canada_Goose_IL_25_000616_007_original_2025_H5N1_segment_4_hemagglutinin_HA_gene_complete_cds     0.0354713 0.0368378 0.0320819 0.0327576 0.0347921 0.0341108 0.0347801 0.0035564 0.0029581 0.0347721 0.0334198 0.0340873 0.0334084 0.0327464 0.0347725 0.0047481 0.0035538 0.0041541 0.0017701 0.0041755 0.0041507 0.0029573 0.0029575 0.0047485 0.0000000 0.0047790 0.0035531 0.0059924 0.0047754 0.0023626 0.0035520 0.0035520 0.0029570 0.0029575 0.0041499 0.0035531 0.0053787 0.0065904 0.0029570 
PV218265_1_Influenza_A_virus_A_Canada_Goose_IL_25_000616_010_original_2025_H5N1_segment_4_hemagglutinin_HA_gene_complete_cds     0.0370905 0.0384736 0.0336592 0.0343432 0.0364030 0.0357131 0.0363902 0.0047787 0.0041736 0.0363818 0.0350130 0.0356882 0.0350008 0.0343313 0.0363822 0.0047752 0.0035738 0.0041774 0.0029736 0.0029576 0.0041741 0.0053784 0.0041729 0.0047756 0.0047790 0.0000000 0.0035730 0.0047535 0.0035518 0.0035727 0.0035720 0.0035720 0.0029736 0.0029732 0.0041732 0.0035731 0.0041485 0.0053477 0.0029736 
PV218273_1_Influenza_A_virus_A_Canada_Goose_IL_25_000616_011_original_2025_H5N1_segment_4_hemagglutinin_HA_gene_complete_cds     0.0328000 0.0341539 0.0294419 0.0301118 0.0321270 0.0314522 0.0321160 0.0035529 0.0029552 0.0321087 0.0307688 0.0314308 0.0307584 0.0301015 0.0321091 0.0035503 0.0023610 0.0029579 0.0017684 0.0029732 0.0005883 0.0041467 0.0029547 0.0035506 0.0035531 0.0035730 0.0000000 0.0047787 0.0035704 0.0023602 0.0023598 0.0023598 0.0017684 0.0017687 0.0029549 0.0023605 0.0041703 0.0053755 0.0017684 
PV218281_1_Influenza_A_virus_A_Crane_VA_25_001494_001_original_2025_H5N1_segment_4_hemagglutinin_HA_gene_complete_cds            0.0378069 0.0391956 0.0343637 0.0350502 0.0371171 0.0364248 0.0371041 0.0059921 0.0053819 0.0370954 0.0357220 0.0363993 0.0357096 0.0350380 0.0370958 0.0059877 0.0047796 0.0053870 0.0041759 0.0041535 0.0053825 0.0065936 0.0053808 0.0059882 0.0059924 0.0047535 0.0047787 0.0000000 0.0047499 0.0047782 0.0047772 0.0047772 0.0041759 0.0041767 0.0053813 0.0047787 0.0053505 0.0065564 0.0041759 
PV218289_1_Influenza_A_virus_A_Duck_IL_25_000617_002_original_2025_H5N1_segment_4_hemagglutinin_HA_gene_complete_cds             0.0356983 0.0370735 0.0322875 0.0329674 0.0350148 0.0343291 0.0350026 0.0047752 0.0041706 0.0349945 0.0336337 0.0343053 0.0336221 0.0329560 0.0349949 0.0047717 0.0035712 0.0041744 0.0029714 0.0029555 0.0041710 0.0053744 0.0041698 0.0047721 0.0047754 0.0035518 0.0035704 0.0047499 0.0000000 0.0035701 0.0035694 0.0035694 0.0029714 0.0029720 0.0041701 0.0035705 0.0005881 0.0017687 0.0029714 
PV218321_1_Influenza_A_virus_A_Great_Horned_Owl_IA_25_000440_001_original_2025_H5N1_segment_4_hemagglutinin_HA_gene_complete_cds 0.0354978 0.0368656 0.0321054 0.0327817 0.0348180 0.0341360 0.0348059 0.0023625 0.0017688 0.0347979 0.0334445 0.0341125 0.0334330 0.0327704 0.0347983 0.0035500 0.0023607 0.0029576 0.0005882 0.0029729 0.0029552 0.0029552 0.0005881 0.0035502 0.0023626 0.0035727 0.0023602 0.0047782 0.0035701 0.0000000 0.0023595 0.0023595 0.0017682 0.0017685 0.0029546 0.0023603 0.0041698 0.0053749 0.0017682 
PV218329_1_Influenza_A_virus_A_Guineafowl_TN_25_001531_002_original_2025_H5N1_segment_4_hemagglutinin_HA_gene_complete_cds       0.0354896 0.0368570 0.0320981 0.0327742 0.0348100 0.0341282 0.0347979 0.0035518 0.0029543 0.0347899 0.0334368 0.0341047 0.0334253 0.0327630 0.0347903 0.0035493 0.0023602 0.0029570 0.0017678 0.0029723 0.0029546 0.0041454 0.0029538 0.0035495 0.0035520 0.0035720 0.0023598 0.0047772 0.0035694 0.0023595 0.0000000 0.0023590 0.0017678 0.0017682 0.0029540 0.0023598 0.0041690 0.0053738 0.0017678 
PV218369_1_Influenza_A_virus_A_Turkey_MN_25_001440_001_original_2025_H5N1_segment_4_hemagglutinin_HA_gene_complete_cds           0.0354896 0.0368570 0.0320981 0.0327742 0.0348100 0.0341282 0.0347979 0.0035518 0.0029543 0.0347899 0.0334368 0.0341047 0.0334253 0.0327630 0.0347903 0.0035493 0.0023602 0.0029570 0.0017678 0.0029723 0.0029546 0.0041454 0.0029538 0.0035495 0.0035520 0.0035720 0.0023598 0.0047772 0.0035694 0.0023595 0.0023590 0.0000000 0.0005881 0.0017682 0.0029540 0.0023598 0.0041690 0.0053738 0.0017678 
PV218377_1_Influenza_A_virus_A_Turkey_MN_25_001440_002_original_2025_H5N1_segment_4_hemagglutinin_HA_gene_complete_cds           0.0348180 0.0361822 0.0314347 0.0321091 0.0341400 0.0334598 0.0341282 0.0029568 0.0023602 0.0341203 0.0327704 0.0334368 0.0327592 0.0320981 0.0341207 0.0029547 0.0017687 0.0023624 0.0011774 0.0023751 0.0023605 0.0035496 0.0023598 0.0029549 0.0029570 0.0029736 0.0017684 0.0041759 0.0029714 0.0017682 0.0017678 0.0005881 0.0000000 0.0011777 0.0023600 0.0017684 0.0035698 0.0047717 0.0011774 
PV218385_1_Influenza_A_virus_A_Turkey_OH_25_001054_002_original_2025_H5N1_segment_4_hemagglutinin_HA_gene_complete_cds           0.0348260 0.0361906 0.0314419 0.0321164 0.0341478 0.0334675 0.0341360 0.0029574 0.0023607 0.0341282 0.0327779 0.0334445 0.0327667 0.0321054 0.0341286 0.0029553 0.0017691 0.0023629 0.0011777 0.0023755 0.0023610 0.0035503 0.0023603 0.0017685 0.0029575 0.0029732 0.0017687 0.0041767 0.0029720 0.0017685 0.0017682 0.0017682 0.0011777 0.0000000 0.0011775 0.0005881 0.0035705 0.0047727 0.0011777 
PV218401_1_Influenza_A_virus_A_Turkey_OH_25_001057_002_original_2025_H5N1_segment_4_hemagglutinin_HA_gene_complete_cds           0.0361794 0.0375506 0.0327779 0.0334560 0.0354978 0.0348140 0.0354855 0.0041497 0.0035502 0.0354773 0.0341203 0.0347899 0.0341085 0.0334445 0.0354777 0.0041466 0.0029555 0.0035534 0.0023600 0.0035718 0.0035506 0.0047437 0.0035496 0.0029546 0.0041499 0.0041732 0.0029549 0.0053813 0.0041701 0.0029546 0.0029540 0.0029540 0.0023600 0.0011775 0.0000000 0.0017682 0.0047712 0.0059794 0.0023600 
PV218529_1_Influenza_A_virus_A_Turkey_OH_25_001341_001_original_2025_H5N1_segment_4_hemagglutinin_HA_gene_complete_cds           0.0355023 0.0368703 0.0321095 0.0327858 0.0348224 0.0341404 0.0348104 0.0035530 0.0029553 0.0348024 0.0334487 0.0341168 0.0334372 0.0327746 0.0348028 0.0035504 0.0023610 0.0029579 0.0017684 0.0029732 0.0029556 0.0041467 0.0029547 0.0023603 0.0035531 0.0035731 0.0023605 0.0047787 0.0035705 0.0023603 0.0023598 0.0023598 0.0017684 0.0005881 0.0017682 0.0000000 0.0041703 0.0053756 0.0017684 
PV218545_1_Influenza_A_virus_A_Wood_Duck_IL_25_001096_001_original_2025_H5N1_segment_4_hemagglutinin_HA_gene_complete_cds        0.0363798 0.0377584 0.0329602 0.0336419 0.0356946 0.0350071 0.0356821 0.0053784 0.0047717 0.0356739 0.0343097 0.0349828 0.0342978 0.0336303 0.0356743 0.0053745 0.0041711 0.0047761 0.0035698 0.0035507 0.0047722 0.0059784 0.0035705 0.0053749 0.0053787 0.0041485 0.0041703 0.0053505 0.0005881 0.0041698 0.0041690 0.0041690 0.0035698 0.0035705 0.0047712 0.0041703 0.0000000 0.0011780 0.0035698 
PV219161_1_Influenza_A_virus_A_goose_IL_25_001560_004_original_2025_H5N1_segment_4_hemagglutinin_HA_gene_complete_cds            0.0363798 0.0377584 0.0329602 0.0336419 0.0356946 0.0350071 0.0356821 0.0065901 0.0059801 0.0356739 0.0343097 0.0349828 0.0342978 0.0336303 0.0356743 0.0065850 0.0053766 0.0059856 0.0047717 0.0047457 0.0059807 0.0071923 0.0047727 0.0065855 0.0065904 0.0053477 0.0053755 0.0065564 0.0017687 0.0053749 0.0053738 0.0053738 0.0047717 0.0047727 0.0059794 0.0053756 0.0011780 0.0000000 0.0047717 
PV219185_1_Influenza_A_virus_A_goose_MD_25_001223_001_original_2025_H5N1_segment_4_hemagglutinin_HA_gene_complete_cds            0.0348180 0.0361822 0.0314347 0.0321091 0.0341400 0.0334598 0.0341282 0.0029568 0.0023602 0.0341203 0.0327704 0.0334368 0.0327592 0.0320981 0.0341207 0.0029547 0.0017687 0.0023624 0.0011774 0.0023751 0.0023605 0.0035496 0.0023598 0.0029549 0.0029570 0.0029736 0.0017684 0.0041759 0.0029714 0.0017682 0.0017678 0.0017678 0.0011774 0.0011777 0.0023600 0.0017684 0.0035698 0.0047717 0.0000000 
